{"0": [[], [0.15836161278303565, 0.16316310520679075, 0.14800370400612778, 0.10139074487634728, 0.09483086325080466, 0.14606777831735204, 0.18818219155954186]], "1": [[0], [[0.2029372320935359, 0.06963539447876144, 0.07739144068435817, 0.20262056035545478, 0.16961311716438593, 0.19283213674965385, 0.08497011847384993], [0.1655809871096793, 0.18599791131391233, 0.1822171357679213, 0.13331877719759302, 0.06270122661577868, 0.1647431539440005, 0.10544080805111491], [0.114929014238162, 0.18933877643728542, 0.10741671935616932, 0.17206403694199818, 0.0765433998015125, 0.1475200687102624, 0.1921879845146101], [0.08589924254020626, 0.06743100895411258, 0.1513637709816185, 0.08407012259606321, 0.21349514255108612, 0.246290459201938, 0.1514502531749753], [0.10573394409995229, 0.13711090819574942, 0.1887316737598435, 0.06114734816867766, 0.16480157293191366, 0.16905877239737327, 0.17341578044649003], [0.11043271618957896, 0.20103345595633093, 0.08152094233122724, 0.1022270209812828, 0.23239949243434854, 0.20576865482402285, 0.06661771728320864], [0.12732545947848298, 0.11989010417459707, 0.1322349859892554, 0.1271467449154377, 0.086646343307222, 0.1734140764861174, 0.2333422856488875]]], "2": [[0], [[0.1578395922463174, 0.1689446766060759, 0.06959279052704619, 0.21572560473250763, 0.19675277257364032, 0.19114456331441262], [0.19732726605261533, 0.21605229365563014, 0.14976159807310993, 0.09106226560315317, 0.16213889097755785, 0.18365768563793378], [0.20584533247140188, 0.16425002493526566, 0.07720603272899824, 0.13536231379538566, 0.2409805781600613, 0.17635571790888727], [0.15777230995999983, 0.1089964376731755, 0.1270233083247767, 0.222392236896924, 0.1809641713791984, 0.2028515357659255], [0.16046965227097215, 0.19630520054610265, 0.11851013456510508, 0.21162807408740875, 0.155021219536535, 0.15806571899387636], [0.18858581886723408, 0.24365726222026035, 0.07625522562975434, 0.22225162663508038, 0.1200840263550647, 0.1491660402926061], [0.08261601993783461, 0.14753101906751825, 0.19441158339176176, 0.0905841508764488, 0.19172888910056587, 0.2931283376258707]]], "3": [[0, 1, 2], [[[[0.11361316524084211, 0.2842809158147927, 0.19240932622971804, 0.2559849961236237, 0.15371159659102343], [0.16953183965677743, 0.16986564032633622, 0.1389157604999903, 0.17852895905476385, 0.3431578004621323], [0.2732087493691753, 0.25801618540704085, 0.22901134761856942, 0.09978448153008815, 0.13997923607512633], [0.17698463557996655, 0.1605146377199509, 0.23345293220868277, 0.2391075432960459, 0.18994025119535393], [0.14138647119141712, 0.23907727923368233, 0.23099833890301255, 0.13192260661733107, 0.256615304054557], [0.270916128538089, 0.1390393267216341, 0.14487038848592754, 0.17672131167584537, 0.26845284457850405]], [[0.29541276086398727, 0.10645270184946155, 0.1773141841843497, 0.21654464693843134, 0.20427570616377014], [0.10351473547282705, 0.23407804456563558, 0.19836679016584916, 0.22997269197097941, 0.23406773782470883], [0.2516263904057275, 0.1797119209708233, 0.21956874716104624, 0.11484595875556425, 0.2342469827068387], [0.16793434700200097, 0.33655989188886837, 0.18442841635292906, 0.14771946459678162, 0.16335788015941982], [0.08833430507028384, 0.2771460617874624, 0.28074487292744366, 0.22345767025194618, 0.13031708996286384], [0.1359051209926574, 0.11490249015687148, 0.16270026145172486, 0.3990848084559055, 0.1874073189428408]], [[0.1978364313589709, 0.1262159156392828, 0.1598835063673592, 0.24529649514251167, 0.27076765149187554], [0.20560566896371602, 0.13894466288135932, 0.2573656324036663, 0.20164447527768253, 0.1964395604735758], [0.2784403551673803, 0.20446734299852645, 0.1916730775132692, 0.16129186702866977, 0.1641273572921543], [0.2043589738114577, 0.24071392169284517, 0.2420501419592876, 0.11805344645424919, 0.19482351608216025], [0.17625560582473243, 0.28470356475133196, 0.2281563783301092, 0.2047637871977364, 0.10612066389609], [0.26363520397620943, 0.12649746237179496, 0.18826767145921694, 0.13369586716448698, 0.2879037950282916]], [[0.139335076465379, 0.1872637257830828, 0.317362041571694, 0.1388352202333475, 0.21720393594649673], [0.21877280039242192, 0.10216423565275892, 0.32734061179263535, 0.11696658103645785, 0.23475577112572596], [0.234793282032335, 0.25258590656700763, 0.2683975242741495, 0.15405960858219883, 0.09016367854430925], [0.1947401980667321, 0.1601352719625247, 0.21550348599038044, 0.21278920032709098, 0.21683184365327174], [0.20922649790928088, 0.17050500224086607, 0.2875721731323332, 0.2005855788258559, 0.13211074789166385], [0.27418030572555424, 0.2805452404752664, 0.18450309695473227, 0.09437693821029294, 0.16639441863415394]], [[0.2515326430993445, 0.2732674342239891, 0.11876831403136785, 0.08856788910538084, 0.2678637195399177], [0.16883326956061762, 0.20442397628278441, 0.30400973787600305, 0.09341707746481623, 0.2293159388157787], [0.09364879339282113, 0.16291645212713293, 0.26137063592750853, 0.1762483685948386, 0.3058157499576989], [0.2556959901105314, 0.1875316624989086, 0.15857771256336933, 0.19594367791714687, 0.20225095691004388], [0.10181858667473882, 0.1780116493353626, 0.20198543110130898, 0.26745047818721096, 0.25073385470137866], [0.27810538336197704, 0.09118882222480455, 0.14704579098682566, 0.2655407597369896, 0.21811924368940333]], [[0.08763772953534685, 0.2944562232605104, 0.2862565076691656, 0.22818696274746303, 0.1034625767875141], [0.20544072962774415, 0.17129523623564333, 0.2083256883637261, 0.20268220356122285, 0.2122561422116635], [0.19531179516083286, 0.10866494370202924, 0.23044680164979667, 0.2188191254253047, 0.24675733406203645], [0.10986879980560725, 0.11534771553705157, 0.26718467209317, 0.2365236531435068, 0.2710751594206644], [0.21227066338507708, 0.1808668871374013, 0.19194206866389735, 0.23762005564068067, 0.1773003251729437], [0.24655987251084832, 0.12505376388696274, 0.2061007536705295, 0.2680074519257775, 0.1542781580058818]], [[0.17479943134381748, 0.211213334526501, 0.18760827494494767, 0.17893076551930187, 0.2474481936654319], [0.30702217607054944, 0.20788360779750423, 0.12893979988478885, 0.10149499851162647, 0.25465941773553097], [0.15571492345717955, 0.25117756624539406, 0.21588285712271335, 0.24561341623702632, 0.13161123693768673], [0.22677044015616368, 0.1320782120084393, 0.28131548962214653, 0.21439278828891534, 0.145443069924335], [0.16580972741895847, 0.14419521760840315, 0.2827394800931975, 0.1518384586578956, 0.25541711622154517], [0.12087282220627243, 0.20118956670804675, 0.2321109524793046, 0.22464908939985562, 0.2211775692065207]]], [[[0.15136337253505008, 0.12250647366050282, 0.29987139132783647, 0.20383372852605763, 0.222425033950553], [0.1170594964292463, 0.1904226805052597, 0.11787118374601038, 0.3894203554883959, 0.1852262838310876], [0.21457921867230456, 0.0896970968896508, 0.24096228372199993, 0.15812959026511464, 0.29663181045093007], [0.21801474421485603, 0.11755663630107605, 0.2203070164642962, 0.23729852270551927, 0.2068230803142525], [0.33668541386071554, 0.16641088242628538, 0.2600530807921356, 0.11447294233373624, 0.12237768058712732], [0.24647705894774655, 0.12210248700709779, 0.20009307788230252, 0.21091275879475602, 0.2204146173680972]], [[0.3816471040283224, 0.16482979712408807, 0.10715220804683709, 0.21348906446641788, 0.13288182633433457], [0.09583472307570504, 0.18688570430784218, 0.30091769707789384, 0.24231185587152287, 0.17405001966703607], [0.24969640950927863, 0.142927779522033, 0.08790655039948801, 0.27750863256169517, 0.24196062800750515], [0.24412846117684353, 0.082949113864879, 0.2607991078110086, 0.2123151672194357, 0.19980814992783302], [0.18025910951573737, 0.22538642657860697, 0.17316924192896668, 0.17204281903350152, 0.2491424029431876], [0.26008426509373156, 0.18506115864180014, 0.24831359257008484, 0.17240048505798164, 0.1341404986364018]], [[0.18639406473961823, 0.25278727979702365, 0.25297913165397906, 0.13530689165150522, 0.1725326321578739], [0.10265056359068182, 0.2503241303592278, 0.2475904194638086, 0.18512845554517238, 0.21430643104110936], [0.25215919988784846, 0.22283088984534308, 0.09300089644812316, 0.18954571787834285, 0.24246329594034227], [0.23363258067591985, 0.16327712974611355, 0.29468571123850706, 0.11572028741303476, 0.1926842909264247], [0.24770540514736522, 0.2492174006046539, 0.2374885110960978, 0.1471941992904748, 0.11839448386140808], [0.22851732501772543, 0.21987944879780516, 0.12087236266213941, 0.24483173611099762, 0.18589912741133235]], [[0.2418235485283435, 0.2827935732186602, 0.12151924745900046, 0.08514438785547264, 0.2687192429385232], [0.16906586650714192, 0.18519062856120388, 0.2100235693981255, 0.2036871156584748, 0.23203281987505403], [0.22759990434370753, 0.2151788692938769, 0.19250224750790393, 0.1275172315906185, 0.23720174726389312], [0.13884300776066932, 0.285408848882979, 0.20849321143769753, 0.2106882757641207, 0.15656665615453355], [0.13448617125107148, 0.1274200120785256, 0.26409409651393106, 0.1458559275472887, 0.328143792609183], [0.2351562071519038, 0.23553224807886902, 0.19217887108199078, 0.1054576383181846, 0.2316750353690518]], [[0.26648314383386196, 0.11581882881946833, 0.23399464701702305, 0.1354573714685491, 0.2482460088610976], [0.2565050745545465, 0.07004774485243696, 0.23725192754815613, 0.1842889556257063, 0.25190629741915416], [0.23182344148355563, 0.34285879373307615, 0.1149116424182113, 0.1941522036228946, 0.11625391874226229], [0.24531858143781657, 0.21563140137321737, 0.2222998516786998, 0.23831188869184028, 0.07843827681842586], [0.23707022585082696, 0.1333419698046737, 0.1794277755645139, 0.18555218642822027, 0.26460784235176515], [0.18107291704323053, 0.1306572972726677, 0.15066691639471744, 0.1445853222065754, 0.39301754708280895]], [[0.222525155442046, 0.26498212987276826, 0.15744490528313235, 0.12457973850846718, 0.2304680708935861], [0.22658815867511112, 0.21735731446009804, 0.1943829123640031, 0.15905872483301234, 0.2026128896677753], [0.18227613036912066, 0.2666244748272879, 0.1047883025086896, 0.14394635429633454, 0.30236473799856745], [0.1473828999660548, 0.207447325647906, 0.3676452681442894, 0.14983901564851215, 0.12768549059323772], [0.206638261413996, 0.16062534280845406, 0.22656515632337854, 0.28730224106615226, 0.11886899838801913], [0.24087764098693507, 0.2210625145698373, 0.12581381451714013, 0.2522884589829056, 0.15995757094318197]], [[0.21467301387417276, 0.10864933475936212, 0.20728771474717606, 0.1672583026188047, 0.30213163400048443], [0.10008058659331161, 0.19280638444376175, 0.20301776302747884, 0.2713706280074774, 0.2327246379279704], [0.20736571200901197, 0.23012970738944658, 0.2477780323622961, 0.13413572595070333, 0.18059082228854212], [0.23694499544597405, 0.26710081621863174, 0.24692226756796534, 0.14231556200770207, 0.10671635875972663], [0.17461408546313478, 0.22815101078499733, 0.17528826806150122, 0.17329572921653366, 0.24865090647383306], [0.17040847598941095, 0.29265620318704494, 0.181544658020875, 0.16227221293559962, 0.1931184498670695]]], [[[0.2825289143581128, 0.11843206331767209, 0.13658797634618364, 0.33125890390585516, 0.1311921420721764], [0.21567284930792494, 0.21844628456851212, 0.19697858556079129, 0.2341074314049942, 0.1347948491577774], [0.22343888552473842, 0.1779214317601798, 0.25092881195961747, 0.11967831388388896, 0.22803255687157534], [0.15444568601472697, 0.18225306998525634, 0.1644043078412134, 0.15372123919281888, 0.34517569696598444], [0.13564493324010668, 0.27619277008744214, 0.2855717550181855, 0.1982156039398384, 0.1043749377144272], [0.18385865733557746, 0.2937725868357652, 0.18199963022895757, 0.10917799046694239, 0.2311911351327575]], [[0.2692928840133809, 0.25805127669972444, 0.11618925190047574, 0.2299071287083085, 0.1265594586781104], [0.16853727359084522, 0.3689531939358712, 0.1781511063155989, 0.18230032825054565, 0.10205809790713889], [0.24775884097103648, 0.2316927774758409, 0.19768447024874666, 0.22298233265441744, 0.09988157864995846], [0.1990660124800383, 0.17213413491679092, 0.10739886640397632, 0.206058191341142, 0.3153427948580526], [0.1113836672270579, 0.18637729292502933, 0.16134380667141496, 0.17047354945824325, 0.37042168371825457], [0.20018202688999523, 0.19973998879940422, 0.27324714700584285, 0.1218537732704641, 0.20497706403429355]], [[0.15704737695412815, 0.19139110973369144, 0.27423287664008605, 0.2268896213052704, 0.1504390153668239], [0.358270435173844, 0.15555634060483567, 0.11227430880240598, 0.1659691147672769, 0.2079298006516375], [0.17901867886034512, 0.20119642612212607, 0.26387558620170215, 0.17886451453014682, 0.17704479428567982], [0.10713404922590472, 0.10285192621150657, 0.247041690458601, 0.21548565321655228, 0.32748668088743543], [0.19085282396349076, 0.13842455880005444, 0.3022551019662322, 0.2205226972724827, 0.14794481799773984], [0.2966948203267933, 0.12477870591648217, 0.26408466565217664, 0.17230251473128244, 0.14213929337326558]], [[0.17323806411065223, 0.27568519287568327, 0.17623646397962553, 0.2633738472298065, 0.11146643180423248], [0.22812441453097893, 0.11761250205722645, 0.20845347789032032, 0.1854345683849981, 0.2603750371364762], [0.20643817171856876, 0.11443984583046671, 0.10097350516149002, 0.3323471155730246, 0.24580136171644995], [0.2762454256649406, 0.14147935030544725, 0.16905415646367947, 0.09056459827828667, 0.32265646928764613], [0.20758030209964742, 0.2625929908579157, 0.12415611719525456, 0.19588592915415384, 0.20978466069302842], [0.12045784698165604, 0.2186476229540777, 0.23697905501475175, 0.2254481227131486, 0.198467352336366]], [[0.15599719910852733, 0.15705745289132478, 0.3311742569013254, 0.08775964849873344, 0.26801144260008897], [0.22416506350982834, 0.20614770604661142, 0.2853745205389339, 0.13912756257121656, 0.14518514733340981], [0.11365481075274816, 0.21396291232861178, 0.163858416575541, 0.18655729763410273, 0.32196656270899626], [0.30567794208986987, 0.1250511655273621, 0.17004837337720344, 0.3040267186553803, 0.09519580035018425], [0.11709105562751103, 0.13646360896887394, 0.255405259023018, 0.1330752309613834, 0.3579648454192136], [0.1952838170570907, 0.20900377469385584, 0.1452001183674267, 0.20135369814891962, 0.24915859173270724]], [[0.19821550126041443, 0.19870732423167914, 0.1665440908857321, 0.22621262458501337, 0.21032045903716096], [0.32430892195024924, 0.11568093074378022, 0.10118803717288813, 0.16232990917207735, 0.2964922009610049], [0.14402110076498523, 0.14232053643121212, 0.2355929475577449, 0.2377161233617581, 0.24034929188429963], [0.1950327211834932, 0.30869264612653086, 0.1823025116267311, 0.1578866811293509, 0.15608543993389387], [0.16376319034396664, 0.18506275177097628, 0.2822846559652325, 0.10988596059269161, 0.25900344132713293], [0.22317631339870686, 0.16033368272776072, 0.21320567554096773, 0.16342968378342745, 0.23985464454913716]], [[0.2002755892826533, 0.12993730350366384, 0.11745300449282495, 0.22973612450632833, 0.32259797821452973], [0.13138980417427576, 0.20686136066247093, 0.1924401535031377, 0.2453796289619696, 0.22392905269814606], [0.1993218422339715, 0.21934957017326917, 0.2728060133801257, 0.16231489069220334, 0.14620768352043031], [0.08633132664250155, 0.29096610235790776, 0.28455157350598936, 0.10982251676533596, 0.22832848072826528], [0.22703524493417412, 0.12871896239028202, 0.37413312279109556, 0.15605117608349814, 0.11406149380095036], [0.21974840447558916, 0.25384522466425863, 0.08659829120728196, 0.23486979987206097, 0.20493827978080933]]], [[[0.1165784545388899, 0.1350716347054169, 0.24066296292776002, 0.16813714190759046, 0.33954980592034284], [0.22459314836748254, 0.2567256535318626, 0.1156043141225792, 0.25402689200672196, 0.14904999197135363], [0.20838751516230425, 0.11743330820999164, 0.118172687784996, 0.31382586931137146, 0.2421806195313367], [0.15144078504083106, 0.25624566588372866, 0.15856480705646675, 0.24641608637010057, 0.18733265564887294], [0.2569917718785008, 0.25635732241562287, 0.18008613452635822, 0.151978341301692, 0.154586429877826], [0.3198672775878899, 0.18576594645529787, 0.15231465228910265, 0.11738879465426813, 0.22466332901344155]], [[0.18531859856599467, 0.2668523781826096, 0.1260292678239603, 0.16233384010527527, 0.2594659153221602], [0.25317086039986725, 0.15710403464408307, 0.17340931469565615, 0.13930806808135024, 0.2770077221790433], [0.11392970828980524, 0.3193931044376645, 0.25640519184250005, 0.21801642145631314, 0.092255573973717], [0.18644125937659933, 0.1708037009002296, 0.11398387860920398, 0.2281149517530435, 0.30065620936092347], [0.2525382846885639, 0.29556164109841887, 0.11330349421445499, 0.2117829649558181, 0.1268136150427442], [0.2194588518713421, 0.2950032371379037, 0.23082041984488208, 0.09513295054056727, 0.15958454060530497]], [[0.181121486701689, 0.15090940408864092, 0.2391011961961642, 0.23521382991783787, 0.1936540830956681], [0.22300437021050315, 0.18573505544378535, 0.13857729814850753, 0.21714829984652656, 0.23553497635067744], [0.2766482365845513, 0.2718061066865514, 0.11059870176727146, 0.19973504577107654, 0.14121190919054927], [0.14943097424302793, 0.3538432983237063, 0.11440214139365684, 0.22941984921353065, 0.15290373682607838], [0.2654499791732921, 0.19490131391451113, 0.12361492321641078, 0.18294657202015524, 0.23308721167563073], [0.2313542854019893, 0.09920561365667256, 0.21846742229489916, 0.22708819621789078, 0.22388448242854814]], [[0.20973993392487364, 0.2085288623637736, 0.15946637543872538, 0.23506759885229475, 0.18719722942033265], [0.22587237663822088, 0.17023393862148667, 0.2379525538248985, 0.25872925587761386, 0.10721187503778011], [0.24841057249551976, 0.1860805717439379, 0.2509103469271608, 0.16286499699493975, 0.1517335118384418], [0.2670233120246131, 0.1250212770501306, 0.25186930187027773, 0.1748266456919448, 0.18125946336303378], [0.20152931473217037, 0.2846070125545716, 0.20678668409002063, 0.11699935720299016, 0.1900776314202472], [0.07165909042910862, 0.27668811638790564, 0.2740286680451753, 0.1536677384923307, 0.22395638664547984]], [[0.14043515698777867, 0.20769931073291076, 0.235478027130813, 0.2647020220676401, 0.15168548308085764], [0.2575539578148632, 0.13822131080864214, 0.305306969894472, 0.08282803829291122, 0.21608972318911146], [0.2333720980395618, 0.24008047520901388, 0.10664948455236112, 0.2989581088384343, 0.12093983336062891], [0.252734787734656, 0.14697716792862206, 0.16932481018364967, 0.23256677902603096, 0.19839645512704124], [0.12123117959089115, 0.12386203682636418, 0.1845829804157331, 0.267884324943462, 0.30243947822354966], [0.14284599790544408, 0.2485708932966735, 0.1483611903258173, 0.11973693977773471, 0.34048497869433036]], [[0.2655001914681581, 0.1408250645683286, 0.16091065122285444, 0.10129965998170573, 0.33146443275895304], [0.27232540170997926, 0.09760081892134562, 0.11759090259957958, 0.2501981034212412, 0.2622847733478544], [0.23955583358222804, 0.12215624414156181, 0.11858319586941972, 0.28865381482601316, 0.2310509115807773], [0.10697994161952482, 0.27088437725316805, 0.10185241859100053, 0.33120912367871674, 0.18907413885759], [0.08871879631838762, 0.2188777549381515, 0.17359881870960647, 0.31041226429080604, 0.20839236574304845], [0.14483607693347256, 0.24817261825428197, 0.14394427419860048, 0.2945347333300064, 0.16851229728363845]], [[0.20391423826898775, 0.08863657227682877, 0.1753433740187415, 0.26913686548482973, 0.26296894995061226], [0.1408165994596268, 0.1412611587603924, 0.2905558531098926, 0.31911378881821545, 0.10825259985187279], [0.21643538682612543, 0.18532507530601897, 0.33264691325091794, 0.1151695183224992, 0.1504231062944385], [0.2903622599523957, 0.10285600113450254, 0.22085166440359322, 0.20736624721146943, 0.1785638272980392], [0.1762494022066394, 0.20902642075762087, 0.11978297097790103, 0.219209361327432, 0.27573184473040685], [0.325519700660767, 0.1450433012254847, 0.14365892432963256, 0.1790613937386741, 0.2067166800454418]]], [[[0.2290827249073859, 0.3128488364205114, 0.12044587668587228, 0.11364934712703215, 0.22397321485919824], [0.23718570177617768, 0.12124440446818757, 0.2243748263762675, 0.1365257893551708, 0.2806692780241965], [0.3284864640400456, 0.16854872835004198, 0.15056291152221962, 0.1990224920073723, 0.1533794040803205], [0.1987760155686544, 0.22915042499928054, 0.19891600581059887, 0.22881161278851053, 0.14434594083295563], [0.1267432713773338, 0.2772960073629429, 0.17958831931607747, 0.26003622676094296, 0.15633617518270293], [0.08525926045092955, 0.27268847434971005, 0.10067801935707522, 0.27183276149519475, 0.2695414843470904]], [[0.23224644900256197, 0.2045547002090856, 0.1877379663802872, 0.2471402530189334, 0.12832063138913177], [0.20419982638208908, 0.24287440723408402, 0.18979884119489115, 0.1939531177193079, 0.16917380746962787], [0.18293307052130856, 0.2412926797419393, 0.10901035446585167, 0.2583839124601443, 0.20837998281075623], [0.24818668148996734, 0.19087564121990314, 0.23879733179310744, 0.07500356710196943, 0.24713677839505258], [0.09124505694233219, 0.2988581692197796, 0.3237904154365225, 0.15328375840042388, 0.1328226000009418], [0.29070537334169827, 0.1551455542299811, 0.31721714259763334, 0.11540827016828699, 0.12152365966240017]], [[0.25399537301490605, 0.1949105006165709, 0.2283992474506714, 0.12727254004250543, 0.19542233887534627], [0.20381731251789012, 0.2057747434384062, 0.22321752949760304, 0.19966820202919755, 0.16752221251690294], [0.1577104545188095, 0.28523880706006727, 0.14485811427801681, 0.26550687471229134, 0.146685749430815], [0.27797773806703624, 0.3132802822345015, 0.1600737251581414, 0.11403599785859961, 0.134632256681721], [0.22140561086500066, 0.27878805845753507, 0.08917461613561539, 0.2516123222168969, 0.1590193923249521], [0.20897096721743583, 0.3248849730884638, 0.17124763361630674, 0.2055755279145469, 0.08932089816324658]], [[0.1341744050193339, 0.19140766281532645, 0.11679468752498981, 0.3119527868434636, 0.2456704577968862], [0.20430520354763235, 0.1177374821208629, 0.14584834770978547, 0.23111683454125911, 0.30099213208046016], [0.09032502197074092, 0.28803203439663044, 0.2142413678953461, 0.2111905285474197, 0.1962110471898629], [0.10928604786898159, 0.11484434963904909, 0.25352130488607955, 0.18297909171855833, 0.33936920588733144], [0.19730875847558113, 0.1270945250079087, 0.2794745244025008, 0.16711284827429596, 0.22900934383971336], [0.19049987672709037, 0.22789748113480518, 0.20793185496101058, 0.18653314480352096, 0.187137642373573]], [[0.376321695574697, 0.18508041016162022, 0.09838443268832717, 0.17805866379874, 0.1621547977766156], [0.2313969600460732, 0.22485778892085326, 0.21549878759412605, 0.08128377321579366, 0.2469626902231538], [0.1780534160298868, 0.2706293816669641, 0.24122480524855663, 0.18325802191761392, 0.12683437513697862], [0.10031186706036845, 0.27316852383927154, 0.29354250444994867, 0.2305510855090919, 0.10242601914131941], [0.19897716044176522, 0.2874344731372697, 0.3012022676957949, 0.12218295623147159, 0.09020314249369868], [0.29507404315667435, 0.19472602366896652, 0.16590508278624233, 0.09772034193800752, 0.24657450845010948]], [[0.25523758901968874, 0.2781825417446128, 0.19373715492422103, 0.18268634503691633, 0.09015636927456107], [0.23024007646399217, 0.18616182528981204, 0.24544554508197547, 0.188444706561362, 0.14970784660285838], [0.12833192691788034, 0.1942369135124453, 0.12883517639418823, 0.15288127075092256, 0.3957147124245637], [0.1526018639320951, 0.1698297476958363, 0.23691068193513623, 0.2608481285245925, 0.17980957791233984], [0.2736558821960883, 0.15769491502067468, 0.15263236848531522, 0.17578950232732482, 0.24022733197059704], [0.28541779303430515, 0.18228424109921618, 0.1311240431700112, 0.27142256670914067, 0.12975135598732698]], [[0.17316904910976616, 0.1949958630393614, 0.19636122912361542, 0.20640023206738561, 0.2290736266598715], [0.2235000075654291, 0.2852668801687008, 0.25547470809144807, 0.13946369953308502, 0.09629470464133708], [0.15227767992952226, 0.19133874220362715, 0.23423953704291567, 0.2916271793985765, 0.13051686142535837], [0.11682968030934217, 0.3301631141948381, 0.11237292349677654, 0.2066870205496018, 0.23394726144944128], [0.2875274521466316, 0.1378507168578818, 0.1283163282730291, 0.14424459435592565, 0.3020609083665319], [0.22252528782963577, 0.14377516720147254, 0.2462132080587027, 0.2924316073320163, 0.09505472957817268]]], [[[0.20642970030139407, 0.25389460695997945, 0.1453997776562961, 0.15916873242797405, 0.23510718265435615], [0.24368524449904352, 0.2262666644479639, 0.18138092694983654, 0.21049238730430703, 0.13817477679884896], [0.2307697171990231, 0.18937088024822446, 0.12394015054583336, 0.24516418065564485, 0.21075507135127425], [0.20778078459628097, 0.37375127738305364, 0.1063797182919646, 0.19491422298406294, 0.11717399674463776], [0.24235327107495347, 0.2281584143807455, 0.14646284312973906, 0.222331381965959, 0.16069408944860294], [0.24348354463585728, 0.1759817322612876, 0.16661770952913896, 0.2833665409865777, 0.13055047258713837]], [[0.12002065252019081, 0.24276955041867007, 0.34453984000357535, 0.18809834391205177, 0.10457161314551203], [0.15535533341323465, 0.19384003810404182, 0.11438640861054768, 0.22898596734812007, 0.30743225252405576], [0.20274286432772556, 0.17769006488454137, 0.1895631380201234, 0.11581858360309845, 0.3141853491645112], [0.17734248726587462, 0.17081178158949936, 0.23538482979151518, 0.18379177526828405, 0.23266912608482687], [0.07762585887688, 0.22554674670282293, 0.25047572755650216, 0.19311092080575695, 0.2532407460580379], [0.12492284703010152, 0.2089280440931154, 0.2409831639883164, 0.23581115487292287, 0.18935479001554376]], [[0.19630123013990092, 0.13453540065044103, 0.2119891377178636, 0.14501294095871892, 0.31216129053307556], [0.13713277281158487, 0.09912520994962602, 0.22402513654986211, 0.2348668757782957, 0.30485000491063147], [0.2269149991646133, 0.16920860347056965, 0.2832577611563433, 0.21776608038397888, 0.10285255582449485], [0.22611628580423743, 0.3121607028144963, 0.18348286188042978, 0.15833934080405634, 0.11990080869678019], [0.12537122125491842, 0.1981264148742126, 0.24025700141658207, 0.10705347050312577, 0.32919189195116116], [0.2477229335306377, 0.209372006132426, 0.264406345811658, 0.09411255870599876, 0.18438615581927947]], [[0.18791848855643264, 0.22664801815483282, 0.21783490532057018, 0.1190603907576589, 0.24853819721050546], [0.10089248353651288, 0.2663989073072938, 0.2875188740267063, 0.11253360347281106, 0.2326561316566759], [0.09013200235771102, 0.17821791229467868, 0.2049619495742588, 0.22048865358656222, 0.3061994821867893], [0.2184879360751183, 0.17699439789658059, 0.24834676612549553, 0.27895159478765214, 0.07721930511515346], [0.3321002328574026, 0.10586624119941734, 0.2896658301238069, 0.15487981221770228, 0.11748788360167098], [0.20425246307196462, 0.25816957920934613, 0.18869191375065747, 0.10247077513967187, 0.24641526882835982]], [[0.33767371935158963, 0.19580197149899375, 0.15020013057175807, 0.2120230500173511, 0.10430112856030747], [0.22828131476491328, 0.22943936469583345, 0.18228417184613271, 0.1358101252136972, 0.22418502347942343], [0.17543869292467018, 0.22902633605683737, 0.19060584362366847, 0.2208222294209608, 0.18410689797386326], [0.1696705947323438, 0.29310984862064643, 0.19849237524175223, 0.2130143360868317, 0.1257128453184259], [0.258297616369593, 0.24374136470969548, 0.13956698539964543, 0.10583116890097442, 0.25256286462009153], [0.2793431958830135, 0.21815626702341273, 0.1426236435507883, 0.25460005403712416, 0.1052768395056613]], [[0.25454310505993744, 0.16310237331181582, 0.17002849039723392, 0.17588497050672705, 0.2364410607242857], [0.11006010281054561, 0.2092882523965463, 0.24189663731327304, 0.23376324477393925, 0.20499176270569588], [0.3563732199316915, 0.1454878745526375, 0.2550217190435099, 0.1201734612805076, 0.12294372519165354], [0.17438595438779542, 0.17287748669184458, 0.23285444645513878, 0.17131186593961148, 0.2485702465256098], [0.14784475216090187, 0.16692879993977114, 0.1460533361259233, 0.20070193179068474, 0.3384711799827191], [0.22034653540024748, 0.0852925798190884, 0.28796472085385594, 0.2645986402228758, 0.14179752370393223]], [[0.153034891423149, 0.18759163568659834, 0.17158337444617996, 0.170218754895154, 0.3175713435489186], [0.11835827351078253, 0.14130571969371034, 0.27032820711723, 0.20796099578172433, 0.26204680389655277], [0.16833503858063104, 0.25308195385159776, 0.3141324972200326, 0.1450603438397392, 0.11939016650799926], [0.23371717137077377, 0.22705450001117855, 0.17326133147060813, 0.19162198436698777, 0.17434501278045172], [0.10967119258681261, 0.20523311429104635, 0.1566523210195704, 0.13251127022836834, 0.3959321018742021], [0.23671706447607455, 0.26953247107154427, 0.16463901637081926, 0.18438040362306984, 0.14473104445849208]]], [[[0.10853384563335891, 0.12923325429639115, 0.28523239329153055, 0.25497293574405655, 0.2220275710346629], [0.21458018238843518, 0.3333190366437735, 0.10778291018232371, 0.16295685246959507, 0.1813610183158726], [0.2071127021542377, 0.2461104203270254, 0.10654941839330594, 0.22416820231280438, 0.21605925681262658], [0.14457808120269725, 0.18983726083773458, 0.19251647945768816, 0.33982994780442644, 0.13323823069745352], [0.25003901039347726, 0.14738086877690545, 0.23496201139809805, 0.16632840528496698, 0.2012897041465523], [0.23690679651982835, 0.23112685023161464, 0.24377689086111706, 0.07984310857007532, 0.20834635381736455]], [[0.1281526908151829, 0.20283463188492443, 0.23878237893118953, 0.1992934394565311, 0.230936858912172], [0.3322259487297032, 0.11705346813388794, 0.2520160758166344, 0.18220252122005465, 0.11650198609972004], [0.08861572909575327, 0.230981531994467, 0.21843453814658564, 0.22337622575178606, 0.23859197501140797], [0.1424704333345374, 0.18116859993282364, 0.26370240245874876, 0.21493210808080723, 0.197726456193083], [0.18059462149901562, 0.2422529234028825, 0.23750064554516664, 0.1292878882912762, 0.21036392126165898], [0.2353514832782868, 0.23981410240217596, 0.14422507555390518, 0.2854574977788661, 0.09515184098676596]], [[0.15923411179317767, 0.2576627069050847, 0.20760862072718198, 0.13756000269870422, 0.23793455787585155], [0.1851965734073147, 0.23225062811413663, 0.21966359953979073, 0.19397954742881263, 0.16890965150994536], [0.12982967237157755, 0.165493631689032, 0.20939950184360157, 0.25954849985266965, 0.23572869424311912], [0.17871062571253316, 0.09770508938450159, 0.23853446558802996, 0.1779749464197479, 0.30707487289518737], [0.09248822870130967, 0.23768247126868663, 0.3300067919430756, 0.13143827393126084, 0.20838423415566712], [0.10995350752268214, 0.24825372108873983, 0.22880009432185794, 0.191739650059462, 0.22125302700725816]], [[0.29138648293074915, 0.12547795041740945, 0.08431835717766437, 0.2831157535212953, 0.2157014559528818], [0.23794715807872982, 0.18084854884304755, 0.22229826277616152, 0.14833046817313675, 0.21057556212892437], [0.3279883243845716, 0.23827430851580525, 0.13529225722302426, 0.15845307589537486, 0.13999203398122415], [0.15310212834923512, 0.16881855824175648, 0.23445099438698264, 0.24312160663898294, 0.20050671238304288], [0.30202041402520097, 0.13207928420183918, 0.13405719066844685, 0.16081034483577367, 0.27103276626873923], [0.1614543173954728, 0.18189384355393148, 0.21641563907494388, 0.33781825998776793, 0.10241793998788394]], [[0.2074778150984222, 0.2115943230935173, 0.23899432521557326, 0.26730595787186423, 0.07462757872062294], [0.110890932522228, 0.27761707056396984, 0.18026303354460727, 0.20441006714629648, 0.22681889622289833], [0.1916770040684986, 0.23951556564372942, 0.25186154473063505, 0.1994567084736743, 0.11748917708346246], [0.304772586077225, 0.09611195978583362, 0.14180198983234008, 0.3092027354949027, 0.1481107288096986], [0.1364659543047695, 0.11613693850423996, 0.29374141106869023, 0.20529383215428965, 0.24836186396801066], [0.1380254354451594, 0.2631680853352987, 0.26364194491414733, 0.15575646576600166, 0.17940806853939287]], [[0.11464780887329712, 0.2765561475954512, 0.20668135773321458, 0.2676851275521779, 0.1344295582458591], [0.21180776180483268, 0.2087628503904056, 0.19466992718656134, 0.24670591429159333, 0.1380535463266071], [0.11658740760577153, 0.25250532893101585, 0.26697690507003596, 0.22822355511788, 0.1357068032752966], [0.1947798057109132, 0.15007933604438947, 0.17688033689305518, 0.22750607633061642, 0.2507544450210257], [0.15907028235069207, 0.2077570151554988, 0.16945924279920904, 0.14962180841748457, 0.31409165127711547], [0.22839345918717754, 0.12931882305296902, 0.19935709872662938, 0.2261404874953835, 0.2167901315378406]], [[0.14400931587745538, 0.3598163798359727, 0.19809875264718424, 0.18765385252191857, 0.11042169911746921], [0.22537687514711352, 0.12165213307372191, 0.1600239598313018, 0.17883576954239255, 0.3141112624054702], [0.22700022734339997, 0.11939447430466574, 0.22384719572595052, 0.22357167867082317, 0.2061864239551605], [0.10756057770795747, 0.22937192728571199, 0.286443149351586, 0.22762812227372434, 0.1489962233810203], [0.222047577732984, 0.2606958184442232, 0.22470792545588314, 0.12069743672242281, 0.17185124164448676], [0.23915176256512474, 0.25158009232026946, 0.09910177775746468, 0.27073547135900883, 0.1394308959981321]]]]], "4": [[0, 3], [[[0.22100108982271016, 0.24086969497763916, 0.25421461055332495, 0.2839146046463258], [0.193402773430719, 0.35667944717888783, 0.13916565184680246, 0.3107521275435907], [0.27725691754343107, 0.26068961717480316, 0.15100279734511476, 0.31105066793665104], [0.18269709399819598, 0.14077878679984818, 0.38227984093541456, 0.29424427826654137], [0.33116231204607516, 0.20073395411292327, 0.1404859261590747, 0.32761780768192683]], [[0.2671086753164874, 0.15820138910435408, 0.3190244092177036, 0.25566552636145506], [0.231128607735781, 0.19577708290825477, 0.2864419327760401, 0.28665237657992415], [0.285053280152559, 0.11993872748526731, 0.3204456751038429, 0.2745623172583307], [0.2577187821270096, 0.17416649695494413, 0.3033055199499825, 0.26480920096806365], [0.15998535352680485, 0.2658906391789128, 0.43760016129026963, 0.13652384600401274]], [[0.33405593683670637, 0.26123211373185873, 0.24890278768718024, 0.15580916174425463], [0.1617930564295585, 0.3544761936073897, 0.17554547459714046, 0.3081852753659114], [0.30010351646625383, 0.19522904534069196, 0.1421288108849534, 0.3625386273081009], [0.38736488857867235, 0.20785998336371259, 0.2043258079913171, 0.20044932006629793], [0.2320332602620783, 0.21032688991682263, 0.3296889638924454, 0.22795088592865362]], [[0.2618447374974803, 0.14684906612329401, 0.40971391443849847, 0.18159228194072716], [0.13202936408823085, 0.323494975189396, 0.30149106200747117, 0.24298459871490194], [0.21243182579552333, 0.3144607952695472, 0.14875234795899855, 0.32435503097593094], [0.31520115475954064, 0.24145354768072969, 0.25398958013127504, 0.18935571742845456], [0.30878450961749687, 0.2407264337543245, 0.186101171743102, 0.26438788488507664]], [[0.32979036042665155, 0.19071670159917214, 0.31116943288714466, 0.1683235050870317], [0.1739708559780486, 0.24099624727646216, 0.3371360135442319, 0.24789688320125727], [0.08698397607733213, 0.3255336659373014, 0.3069868423961483, 0.28049551558921826], [0.20767415007778123, 0.18801059454483948, 0.16614750010055654, 0.43816775527682267], [0.37968150727632693, 0.22978963862446855, 0.1361147227815273, 0.25441413131767715]], [[0.2008117246693617, 0.2084633935601066, 0.2810282675213535, 0.3096966142491781], [0.16402100750305135, 0.13630588106529015, 0.49053077454641014, 0.20914233688524836], [0.19282913110566124, 0.26058700887359215, 0.1854217101316029, 0.3611621498891437], [0.3157670667579592, 0.1875520484760927, 0.2161720427301339, 0.2805088420358143], [0.2352840610080615, 0.3337726349737537, 0.3350548911118075, 0.0958884129063774]], [[0.27480923949814384, 0.19634778459896407, 0.3269320257057152, 0.2019109501971769], [0.34186902227371063, 0.2817088186918071, 0.1506909843612633, 0.22573117467321907], [0.3324695066904076, 0.29870631085997656, 0.10803322822394457, 0.2607909542256714], [0.29211479227162684, 0.14642705506204554, 0.31702792919165557, 0.24443022347467208], [0.3472942959755844, 0.20215000457059681, 0.3499028926610157, 0.10065280679280297]]]], "5": [[2, 3], [[[0.35968240036046256, 0.3222899731066015, 0.3180276265329359], [0.22172882005780886, 0.2874090053996403, 0.4908621745425508], [0.29952416395053255, 0.35995393743990606, 0.3405218986095613], [0.36932768329552595, 0.37830527326354724, 0.25236704344092675], [0.27756882355764934, 0.18412880201933837, 0.5383023744230122]], [[0.23766529255502347, 0.3810417686343185, 0.38129293881065807], [0.28826189836710314, 0.21942380363710973, 0.4923142979957871], [0.24230222594557502, 0.514678915897693, 0.2430188581567321], [0.18610667930652086, 0.5726769853914038, 0.24121633530207545], [0.4724662393165553, 0.3592710707161683, 0.1682626899672764]], [[0.42088781862040686, 0.1895114739813061, 0.3896007073982869], [0.2466345050708309, 0.5831468008726093, 0.17021869405655982], [0.26278262262738705, 0.3429009797099226, 0.39431639766269044], [0.34352478960453264, 0.3187592899977291, 0.3377159203977382], [0.3004746559915479, 0.3484130039203821, 0.35111234008806996]], [[0.30687203804469615, 0.3138989200252256, 0.3792290419300783], [0.2443229876435476, 0.5075462262681733, 0.24813078608827907], [0.24659716181571503, 0.320554894991471, 0.432847943192814], [0.4222340763515662, 0.3852631488103604, 0.19250277483807346], [0.43759548692813316, 0.2091501773583339, 0.35325433571353293]], [[0.4323759136720909, 0.21602576357127257, 0.35159832275663655], [0.39519842797877136, 0.39458006466274687, 0.2102215073584817], [0.2331704955238867, 0.31740844684977354, 0.44942105762633977], [0.4491202293524179, 0.16635698311565003, 0.3845227875319321], [0.17884108738149254, 0.5318878403516373, 0.28927107226687016]], [[0.4037771238256214, 0.2461940522637767, 0.35002882391060186], [0.23081109399213978, 0.21060326467334273, 0.5585856413345175], [0.36465894162772894, 0.3558620021837221, 0.279479056188549], [0.5160727557175812, 0.18189563177749393, 0.3020316125049248], [0.2806726726481714, 0.4203253549587506, 0.29900197239307796]]]], "6": [[4, 5], [[[0.08801559398110481, 0.1698425114804615, 0.20964841384824096, 0.1306893214340796, 0.08504945847752893, 0.09681667921074029, 0.10426854039438152, 0.1156694811734623], [0.13432243987740106, 0.12856362938377308, 0.14165481860491383, 0.0957520519644951, 0.1592572463500473, 0.07395307721521163, 0.11041256848014469, 0.15608416812401338], [0.0870521777260676, 0.07513499197819476, 0.20632066378968428, 0.11464671055466505, 0.17244626887194112, 0.06080726657898401, 0.17349341417086875, 0.1100985063295945]], [[0.08503773623952053, 0.20613808766551214, 0.1254858973373176, 0.15739703728393087, 0.09046686499455249, 0.10501941065271089, 0.13798196704385546, 0.09247299878259999], [0.18989256496722032, 0.0517986681925638, 0.12472594347902473, 0.06968663646064735, 0.09783591537390875, 0.1922175797724857, 0.07555470798745692, 0.1982879837666925], [0.08300117049220168, 0.1654856727312651, 0.13548164618538855, 0.18748772241034595, 0.1366079763145326, 0.1336160177613197, 0.08140983815708681, 0.07690995594785965]], [[0.1629676882446306, 0.08621192007167296, 0.09198102059034258, 0.14253965667326232, 0.08764432050520816, 0.16760618515666406, 0.13968459323281415, 0.12136461552540519], [0.18305517046743588, 0.057731315414145425, 0.08900717257107689, 0.12036095045291023, 0.0844717332103056, 0.16240277840886874, 0.18883115832925668, 0.1141397211460005], [0.09010322056216367, 0.1727299909241335, 0.10380544784708252, 0.10970093246207831, 0.09137276923431785, 0.16579319249847438, 0.12036007180937112, 0.14613437466237866]], [[0.14636469384734094, 0.08629762053936471, 0.0980367153732561, 0.15105099374275396, 0.08903364218982025, 0.14408045878939593, 0.16287639596085482, 0.12225947955721321], [0.15289458267037292, 0.16192209747790368, 0.16760320505181775, 0.1036004240163957, 0.05470225136631035, 0.10457086845086457, 0.14324109691762524, 0.1114654740487097], [0.169510959671148, 0.10811832906937648, 0.15162180061052905, 0.08140454536527046, 