{"0": [[], [0.1515383804732862, 0.2531076178715376, 0.22906973472796388, 0.19269587266868551, 0.17358839425852673]], "1": [[0], [[0.08323298204258049, 0.04293596144859728, 0.06294945247401515, 0.04910756714577767, 0.14791806332019647, 0.14938653136161936, 0.1476471590102437, 0.14410801679625287, 0.06942999630043685, 0.10328427010028002], [0.1532493822634871, 0.13496802132294813, 0.04138175357877307, 0.09788286130281001, 0.04247446125226176, 0.07581050205844718, 0.0949610267941246, 0.15140417241070445, 0.12195448504738333, 0.08591333396906044], [0.11063331260219654, 0.15450254281314968, 0.08498866779368767, 0.12733325657608358, 0.07996596248566797, 0.10919781611873595, 0.04806600516873991, 0.15918651142719173, 0.05124680234996773, 0.07487912266457918], [0.07487415413115006, 0.10762086893297974, 0.11827324633103921, 0.04646018978024681, 0.04230740859576464, 0.12713856489476189, 0.11738993811556336, 0.13079449197741977, 0.11338955476656468, 0.12175158247450983], [0.08923738441508307, 0.11568721495373308, 0.142645894796336, 0.06331682231379843, 0.0947221911653753, 0.13451567872063108, 0.10847832323524743, 0.12714587186506238, 0.07844314216271896, 0.045807476372014294]]], "2": [[1], [[0.0919558586240514, 0.3237323233814327, 0.3241785233473951, 0.13816134516195278, 0.12197194948516812], [0.10686188043997612, 0.17165796700763725, 0.20300283832753752, 0.17469404213898032, 0.34378327208586884], [0.28144320412060303, 0.10770149345684049, 0.2678985207341415, 0.22195933988047722, 0.12099744180793791], [0.28551526050733916, 0.11160645131620624, 0.13585163154341626, 0.12842035848477362, 0.33860629814826465], [0.2173677348807967, 0.1569150515710251, 0.24350863999191352, 0.11575351782280362, 0.2664550557334612], [0.1962615576151154, 0.1700858716607949, 0.21486254009709804, 0.18631517771047781, 0.23247485291651382], [0.3611764105225777, 0.16502895487022443, 0.1780262723398527, 0.12378969544467729, 0.17197866682266788], [0.17066392087211554, 0.09132053180879662, 0.1634708745823813, 0.2786005136508522, 0.2959441590858545], [0.1079227046488205, 0.10737829159063962, 0.15126561026908153, 0.38031149142856135, 0.2531219020628971], [0.2616388349087844, 0.24264148612422343, 0.24319739857136524, 0.09179768912192857, 0.16072459127369837]]], "3": [[1, 2], [[[0.1438858285463405, 0.05230691361168076, 0.09841257368654088, 0.07347742586496087, 0.07820284967889148, 0.13273885283616618, 0.09989479280584485, 0.11842360265539384, 0.1091478031202479, 0.09350935719393287], [0.13639282770400918, 0.1580962146904488, 0.15762178623570083, 0.13611893776956166, 0.09949166999014368, 0.06019138423262428, 0.045802395282162435, 0.06846992043114208, 0.08166168004351126, 0.05615318362069557], [0.06979149543606789, 0.05213163308268672, 0.1071710699001264, 0.05748045893082502, 0.13456897542261356, 0.08328268883469712, 0.12572704133223014, 0.15204512852581326, 0.0524406469519956, 0.16536086158294433], [0.1033632191548036, 0.04084552826305616, 0.06837551881230854, 0.12881929548307444, 0.09818651260255262, 0.06554686665788848, 0.13454945074368363, 0.11836309737028873, 0.11290074237692001, 0.1290497685354238], [0.14798970463601124, 0.08318658434239559, 0.1230508526235777, 0.15771687839733517, 0.06898073022772334, 0.06658941560190403, 0.06604648037309041, 0.07077938759401067, 0.0585678739829427, 0.15709209222100923]], [[0.1492242700852648, 0.0628048913329359, 0.13461076231970218, 0.124431207583518, 0.07897901996036823, 0.07265245433744036, 0.07566083198224736, 0.1378622223398359, 0.08456662016968082, 0.07920771988900666], [0.04013638117379985, 0.1400508669261377, 0.12250659363714571, 0.09093116110655977, 0.14396399706964547, 0.07071133747102497, 0.11370818253096789, 0.07202188333910299, 0.07308470392271413, 0.13288489282290153], [0.13470125208084502, 0.07543772722162541, 0.049862474596719795, 0.08306958496548948, 0.13145929758204578, 0.05216547767544844, 0.12088419357689804, 0.14705392518687982, 0.06162557578055402, 0.14374049133349423], [0.049163919190191974, 0.12782629601486636, 0.14369364880248278, 0.09944033114967045, 0.06863598972946647, 0.1607791709467519, 0.0451516678384145, 0.11353721401991096, 0.09024944771634252, 0.10152231459190207], [0.12123578997097299, 0.12098263763151405, 0.07483449389030113, 0.1411845101897058, 0.049124574444433064, 0.0494082997511912, 0.11314162892655062, 0.12197971054382226, 0.08476665130031652, 0.12334170335119239]], [[0.09052629520829726, 0.07274073282908, 0.10498434906519741, 0.1376125280591821, 0.08782934161630626, 0.11929434529995804, 0.06191052041406972, 0.11672595656204496, 0.1046786295642077, 0.10369730138165643], [0.15371637546571623, 0.07102965779367924, 0.0879634409030789, 0.052192804334875276, 0.1327947511108092, 0.14755351809106304, 0.09264917595533173, 0.08650654513148859, 0.12433811386301322, 0.051255617350944666], [0.07843623936957335, 0.08748714118651846, 0.10654388380846622, 0.10128861522696261, 0.06778571397284913, 0.10931997474402212, 0.1574792286836629, 0.045075258145095005, 0.12676856250883836, 0.11981538235401186], [0.14812338189919627, 0.1152565692171954, 0.11284207150587611, 0.12991400663948643, 0.07079471685607164, 0.10941380433062675, 0.10042682471547038, 0.09089370389195188, 0.048616870211782244, 0.0737180507323429], [0.06750174553189922, 0.11639822953508931, 0.1380146767549873, 0.06208737646465685, 0.04489997122648683, 0.146742562592221, 0.11276121212217576, 0.1342522276899542, 0.05252226192958801, 0.12481973615294148]], [[0.1387794626177023, 0.05867785044670362, 0.05987788981419625, 0.07610155071587538, 0.0665809052545145, 0.15839668809451438, 0.08427015609777899, 0.13248382478476536, 0.13777819158743942, 0.0870534805865098], [0.11309406998039567, 0.04910783785332092, 0.08129790514132403, 0.14479022351634954, 0.055868476889483216, 0.08004545008873329, 0.12510971086071557, 0.11118352937538464, 0.10740919730636596, 0.13209359898792705], [0.045465817434605246, 0.1385571892229398, 0.1525301897278708, 0.04384510697809788, 0.11193691481344584, 0.08554582804257306, 0.04818413647987888, 0.09422177593859589, 0.12260843611608958, 0.15710460524590306], [0.10979316392114472, 0.13698208505486653, 0.05236118681641775, 0.06259961340442254, 0.15005207433580348, 0.14051088632346015, 0.0654433383685856, 0.10984420031859299, 0.08010820582440624, 0.09230524563230008], [0.1323456644880671, 0.11847448951751355, 0.0633657119218147, 0.07196006419722298, 0.06904735553407022, 0.12345598564935172, 0.09125376941438937, 0.14230265254940372, 0.1274483044964057, 0.06034600223176082]], [[0.12349742816457729, 0.0926181704043366, 0.06477253969117436, 0.07686784609407786, 0.1440403136682722, 0.0901777499681641, 0.11617801700080392, 0.08941905736278079, 0.07777542546724388, 0.12465345217856902], [0.1484445715150142, 0.05090567343677206, 0.07692095068204291, 0.1056754637679445, 0.0816343832557102, 0.14031150420773095, 0.05628793283486326, 0.1420972847869713, 0.11949603515744533, 0.07822620035550527], [0.08679749068181103, 0.06610869942277758, 0.07503117880372714, 0.1345400507773144, 0.09082234430587365, 0.13072582012226244, 0.10852322413368852, 0.06129346584788817, 0.1065976005399703, 0.1395601253646867], [0.08644460415188364, 0.13444824524760648, 0.07293109749055438, 0.06425474304982676, 0.095013682379045, 0.09898342919371167, 0.14991873108255793, 0.10869292067887168, 0.05679347777621097, 0.13251906894973173], [0.09371825010569491, 0.07764948685462274, 0.13259872585531426, 0.056950975100087904, 0.14555947052234303, 0.07793187119259591, 0.09274767725312348, 0.14743020627168352, 0.12781359981878782, 0.047599737025746415]], [[0.12284142460899478, 0.08673753844992393, 0.11343477151274298, 0.14503086690023395, 0.11177529004500082, 0.054486534682291976, 0.11633083719438728, 0.0481678475910405, 0.09186427135509177, 0.10933061766029205], [0.10650094338753328, 0.0914224789152063, 0.05284501909380553, 0.13781330675703962, 0.10711360364381872, 0.07081512700447741, 0.1414855086553338, 0.13240771908762472, 0.05192411673611786, 0.10767217671904265], [0.10351660446216199, 0.06096293935585738, 0.06567484403229781, 0.10394581599596414, 0.07584955875932237, 0.13535266717256353, 0.04994742495836567, 0.14452931974668357, 0.13601556045650154, 0.1242052650602821], [0.0681894770945237, 0.11995696922173234, 0.08835250195278567, 0.1106651798230878, 0.07390955661659566, 0.13379167226788996, 0.04278681606691661, 0.11726805796484138, 0.13296472394193648, 0.11211504504969046], [0.07588674213385413, 0.08931962755721445, 0.1225337683729083, 0.0957433707183225, 0.04886244952327121, 0.054028466002163204, 0.1590615472101802, 0.0602443041285363, 0.1822112310019382, 0.1121084933516116]], [[0.15733558082010282, 0.06613853525049496, 0.18159793848788477, 0.05292118054140601, 0.054121655852355434, 0.055916044253507116, 0.06295347630383072, 0.11822150432885943, 0.1616728324257701, 0.08912125173578854], [0.13949540812422173, 0.14315167014553182, 0.16050167388895312, 0.062396203127390075, 0.06061004126661203, 0.058872737579637076, 0.08953733683073078, 0.10635548944908171, 0.10276138560093112, 0.07631805398691036], [0.11010452228462343, 0.07740600947265353, 0.08061117483868274, 0.05058116728638453, 0.10667588534415394, 0.1139425976617124, 0.1257758028520682, 0.1426098209240848, 0.12670409311589656, 0.06558892621973984], [0.06517504718842736, 0.14300090056597453, 0.12868803029959236, 0.12778459434296202, 0.12062174957506062, 0.06878859346668449, 0.13524882446291717, 0.054548609960880644, 0.07827474631913497, 0.07786890381836575], [0.10366322165440589, 0.09244504862796926, 0.09202325320333046, 0.10290213940206601, 0.08687299594360752, 0.06767857967126331, 0.11572836699095336, 0.1304068413059137, 0.09424948756352337, 0.11403006563696706]], [[0.1167821033737169, 0.052742344307296185, 0.10168807260513504, 0.04613574257068075, 0.1337901173401904, 0.11312526304727583, 0.0618616675903224, 0.11770005034544669, 0.16558996966345463, 0.0905846691564811], [0.14212366115289085, 0.13964037798595, 0.12083712849538922, 0.12391466583897935, 0.08035463606344781, 0.0794900061193353, 0.13910215734208461, 0.07556399388389186, 0.046471373268541345, 0.05250199984948984], [0.13947562928346974, 0.09572223020605301, 0.07118237554278985, 0.15329142257450942, 0.10984609675825453, 0.1203986796688698, 0.06511637097117315, 0.07030192518804977, 0.06136221565079539, 0.11330305415603534], [0.13888965056388924, 0.13345778210149123, 0.07446305365471836, 0.14839449140091515, 0.054979512433120596, 0.05603016379392708, 0.14811321482902443, 0.07235761608571857, 0.13043081308419927, 0.042883702052995916], [0.05637688578368412, 0.12447367199655494, 0.06810492951476572, 0.04774244938790094, 0.10567735209424409, 0.08766220237539075, 0.1499552136652632, 0.15214356217043845, 0.1251516735149553, 0.08271205949680253]], [[0.10289500417059551, 0.13404067327422506, 0.052115627694858786, 0.08618122338396815, 0.14958748972606228, 0.09569870779106258, 0.12399813105460442, 0.05561369237969521, 0.14372104985753933, 0.056148400667388756], [0.1389426590622796, 0.051157227261442575, 0.14235762363277826, 0.08106178780093795, 0.11138404291614565, 0.13720134418551133, 0.03995216709191082, 0.06965705806125017, 0.14438625886969278, 0.08389983111805097], [0.1373476655009379, 0.06252986943291261, 0.133648238430708, 0.053698711075125326, 0.13879407849018122, 0.08680927762928836, 0.10557340162863633, 0.06599729903908166, 0.12697410442432333, 0.08862735434880531], [0.0857847792260182, 0.11796033036458384, 0.06130601824236192, 0.14187684955633936, 0.1283847870042626, 0.10904765981576696, 0.05525811276292637, 0.12213961389406001, 0.04206394064490554, 0.13617790848877534], [0.07596179803199393, 0.0537161083881154, 0.05935274576445202, 0.15457106206176766, 0.13200133924946636, 0.06810181907252946, 0.15461062619884866, 0.05644708520272415, 0.12719619894779338, 0.11804121708230891]], [[0.14257505566277145, 0.08827921958405734, 0.0907653395749765, 0.11826420231129496, 0.0903172097319669, 0.04625922835142152, 0.13124511212432974, 0.12028639036259647, 0.09346635943298807, 0.07854188286359709], [0.07537807636686389, 0.12381653090832564, 0.12244881402965409, 0.13279306283834522, 0.12625420383733962, 0.1257659933044501, 0.06743152520497538, 0.05012602188996857, 0.12620485961220784, 0.04978091200786968], [0.1368306354372409, 0.12569834937674879, 0.09016273987178904, 0.07130646393683204, 0.08947428633111276, 0.11105384661845222, 0.11334518205194342, 0.042335474522382295, 0.118392589576613, 0.10140043227688555], [0.061346177273112895, 0.10606738519626056, 0.13846704712148256, 0.08560683614280865, 0.08015806615782667, 0.05703151166668336, 0.20424238602816916, 0.06389384077191909, 0.1147382769697232, 0.0884484726720138], [0.1228785364125839, 0.11900718748528924, 0.1303344347982803, 0.1086705704677811, 0.10579350097247411, 0.0846868237900631, 0.1109066086752361, 0.05130075175613628, 0.1164141442487969, 0.050007441393358956]]]], "4": [[0, 2], [[[0.1839116963017198, 0.1291175107487795, 0.13291464653261592, 0.14130184445256527, 0.17072512725614034, 0.12492978488819403, 0.11709938981998504], [0.12968577535432374, 0.09624685637176271, 0.10924391151009781, 0.06964670831948203, 0.25090645788081656, 0.22911440116769782, 0.11515588939581926], [0.06241063709086278, 0.15345023353841142, 0.1386632525310203, 0.2062251495931226, 0.13686417948820803, 0.22260399842915612, 0.07978254932921859], [0.13693573526204186, 0.248194019372583, 0.0675801335963343, 0.14181850551755204, 0.11614544984348486, 0.16944713686884513, 0.11987901953915872], [0.1611053724604276, 0.17010701402074094, 0.15832391686028466, 0.09799630735309815, 0.17717595370725772, 0.14304701734428646, 0.09224441825390449]], [[0.07352169083010411, 0.17223678196440317, 0.18282894345414027, 0.0784744269843738, 0.15203934391950788, 0.22733878670448757, 0.11356002614298312], [0.10870963525053437, 0.2116312863873086, 0.07713887459023538, 0.21680389142210219, 0.19044222127401333, 0.12393128024775134, 0.07134281082805463], [0.059713174233414226, 0.12012913236613221, 0.17594867340144735, 0.13905025054063658, 0.1815892500539258, 0.1700566417336976, 0.15351287767074626], [0.17527348888246214, 0.1430553046955681, 0.1681477061511966, 0.07754175109889237, 0.1410685969237877, 0.12546081114300608, 0.16945234110508706], [0.15890335782010367, 0.11543649638638594, 0.1352474934379482, 0.103984351860872, 0.10419964019657861, 0.1513645668785314, 0.23086409341958028]], [[0.09248489349056888, 0.10939000855230045, 0.20890376034775845, 0.11843880723740605, 0.22817286399870584, 0.10605307908929575, 0.13655658728396464], [0.05970252820059468, 0.18449116981426333, 0.17028958827140267, 0.16018755997026007, 0.0682947790434611, 0.18131527989856203, 0.17571909480145612], [0.12186780505961813, 0.16084712905767176, 0.21010445847072307, 0.11775915459258875, 0.07073978397547417, 0.19034592844200218, 0.12833574040192194], [0.23789491951087363, 0.1593217260753002, 0.06537203389680799, 0.14866109096881663, 0.1894426347979268, 0.06475084254873258, 0.1345567522015423], [0.0767674233218706, 0.15332178035425628, 0.20266603728381713, 0.15041498770996084, 0.1614525590863575, 0.11461033801004077, 0.14076687423369688]], [[0.12373382801304067, 0.15416665650759442, 0.16789223837211306, 0.14052357891799663, 0.18522772708824672, 0.16385473151754434, 0.06460123958346414], [0.13286917263579703, 0.19540942961756336, 0.20184087395864944, 0.11275735979665084, 0.1673548538872843, 0.11755177988069589, 0.07221653022335928], [0.20161372784310064, 0.20945050471101948, 0.13873308102819024, 0.058209218297565986, 0.19026208517781606, 0.13413280726032134, 0.06759857568198632], [0.09231501603780788, 0.08573262633866405, 0.18006705181265556, 0.11174457829001817, 0.0814184114599367, 0.2209277894286692, 0.22779452663224833], [0.09652248413225484, 0.11527026210129615, 0.18928879323668282, 0.09896300451169415, 0.10061644258137699, 0.13702067302236254, 0.2623183404143325]], [[0.1802660072395605, 0.16348084291095907, 0.1431591002681952, 0.14663155377865444, 0.11169889174093217, 0.1201269228739914, 0.1346366811877072], [0.19807531270616355, 0.08003601517407824, 0.10385834572991627, 0.24117561665808535, 0.12437162264068183, 0.11196785779066534, 0.1405152293004096], [0.13766810699236007, 0.09361888855999415, 0.11937284239305945, 0.21468655149933213, 0.12272965629370737, 0.21634217450786455, 0.09558177975368222], [0.0653061171132943, 0.20797529818715282, 0.19030176642260965, 0.17394110688235506, 0.06339552445404419, 0.09967754971959118, 0.19940263722095275], [0.0800815170062937, 0.19202548923825496, 0.15372383780784488, 0.17988176034783493, 0.1638217154968452, 0.12570475240254927, 0.10476092770037693]]]]}