{"0": [[], [0.17324553549863356, 0.14738979631290355, 0.16924512183311402, 0.16330525918703875, 0.123823616416095, 0.16690161148642926, 0.05608905926578589]], "1": [[0], [[0.13052440826542686, 0.09334949810241422, 0.1624202805280283, 0.17804104633041332, 0.1491089986051883, 0.28655576816852907], [0.164382442256094, 0.14632198256257928, 0.2086750307062146, 0.11297076180266294, 0.2704895734084029, 0.0971602092640463], [0.2406662944198806, 0.20153863049311765, 0.09698856151051696, 0.06177081769054816, 0.20941670467033544, 0.1896189912156013], [0.21628508296377943, 0.22488957002580198, 0.08293930353209714, 0.14084544202061014, 0.0914544599224384, 0.243586141535273], [0.21823331022631243, 0.15152899950485288, 0.09054164484929149, 0.1469856931198232, 0.15022532241854156, 0.24248502988117848], [0.17366458042960223, 0.21832076392550168, 0.14408953061642932, 0.08101578224797026, 0.18720287525178636, 0.19570646752870996], [0.18630993029421591, 0.22997957719869683, 0.17225633715801922, 0.17828275164810614, 0.15845828159803868, 0.07471312210292336]]], "2": [[0, 1], [[[0.13512432802887878, 0.11170789743580965, 0.29698236280277646, 0.19835374450948914, 0.2578316672230458], [0.29417354885990615, 0.1381199580894594, 0.17630887618884328, 0.2581360779624593, 0.13326153889933184], [0.10434069427992551, 0.15844747951894161, 0.12576287344212891, 0.32118273572371764, 0.29026621703528643], [0.19126900678562722, 0.23836856944267426, 0.22495660693042496, 0.10286292571059705, 0.24254289113067642], [0.2011887743571876, 0.2629967269388539, 0.28343457997997146, 0.15016079041659602, 0.10221912830739105], [0.14005776858037008, 0.18975888983813705, 0.2873050007724923, 0.29796421664302863, 0.0849141241659719]], [[0.2577807237536459, 0.22927598404560284, 0.1696307366390984, 0.13840607649538292, 0.2049064790662699], [0.28246598550033397, 0.14530865814567176, 0.1885973327295145, 0.22937188529669128, 0.15425613832778853], [0.28062139184838947, 0.27861425814443735, 0.1258095339515391, 0.1785888273944196, 0.13636598866121444], [0.1961139073505055, 0.11745134227854294, 0.2991316317179691, 0.26522256764875224, 0.12208055100423018], [0.16418019559771163, 0.33309269928202134, 0.15369469761395985, 0.12829769972590074, 0.2207347077804064], [0.2888855994208431, 0.12602238449999748, 0.22021914376540297, 0.2398180644243149, 0.12505480788944145]], [[0.2325778710784215, 0.15360955575224397, 0.21156456904073898, 0.21183271234915924, 0.19041529177943628], [0.13489752542321062, 0.37213759160407295, 0.20829430234534774, 0.1655403747942276, 0.11913020583314105], [0.2504474209975582, 0.27393369684528607, 0.09482185787945104, 0.22909417834834425, 0.15170284592936045], [0.21741638356249995, 0.11280690389644932, 0.22758499587867392, 0.15999361112202257, 0.2821981055403542], [0.11595224163667181, 0.166077189702869, 0.11003034026541562, 0.309800828102603, 0.29813940029244057], [0.13178493121573184, 0.22139321151568855, 0.25643886826842266, 0.19803884636879604, 0.1923441426313608]], [[0.12976969691838613, 0.09620978214400584, 0.2776286052562398, 0.278351087495739, 0.21804082818562923], [0.1382024776959634, 0.14029490552243146, 0.21773407965702404, 0.25291445513691674, 0.2508540819876644], [0.26298985096318434, 0.23042494125323765, 0.098625911597366, 0.11693222855005574, 0.29102706763615627], [0.30788384912629546, 0.11221940157154221, 0.14245026179096218, 0.32658194302330534, 0.11086454448789483], [0.1252787797410389, 0.22362889689406668, 0.25992435219204174, 0.24979997240703028, 0.14136799876582226], [0.2410337468604918, 0.13154277121750713, 0.15186512113180392, 0.2489441197968464, 0.22661424099335079]], [[0.28134662654862896, 0.23575983066212794, 0.21451310354502698, 0.10159114088839544, 0.1667892983558207], [0.13498734258510997, 0.13020325154802048, 0.29461883335604566, 0.16383149396840313, 0.27635907854242076], [0.2067607934034321, 0.24184848293152275, 0.17921299521470882, 0.19513410167082748, 0.17704362677950874], [0.14952982332877815, 0.29867287899611006, 0.17372536854803078, 0.10117599761756554, 0.2768959315095155], [0.10161754917400653, 0.2535823902371225, 0.25626395296738774, 0.24848718054534435, 0.14004892707613883], [0.07019458922338648, 0.2539096571219269, 0.15325672896255646, 0.26162489597944144, 0.26101412871268864]], [[0.2716433119032454, 0.14374668474601257, 0.16450303814426928, 0.2712144904533269, 0.14889247475314582], [0.10942404636885951, 0.1937093821399881, 0.2762635651949179, 0.22400802850972196, 0.19659497778651244], [0.10689740350186852, 0.2354769557408241, 0.32860261213717173, 0.11755152182070736, 0.21147150679942828], [0.2400385751764157, 0.21295493342799157, 0.20428034630146366, 0.20536451770307962, 0.1373616273910494], [0.11696265023190473, 0.21318744340263765, 0.213327785334438, 0.22395435917748605, 0.23256776185353348], [0.1748901074754049, 0.17285561263968216, 0.2343036796194828, 0.2035916951868929, 0.2143589050785373]], [[0.2714229065448655, 0.2940700489438685, 0.16137608168214435, 0.17041155580857617, 0.10271940702054555], [0.25494878245010005, 0.10327443491944761, 0.2234352398830313, 0.24498268476055798, 0.17335885798686312], [0.2634349563323011, 0.10371126240006982, 0.10566327675908777, 0.3295005434044591, 0.19768996110408224], [0.11730749369708135, 0.21799932104103695, 0.28112563385586875, 0.139923507413431, 0.24364404399258197], [0.11917649659757037, 0.10959362243552359, 0.2461313791289075, 0.2487730486163273, 0.27632545322167124], [0.21175563136278253, 0.26167729738435613, 0.1698230391232676, 0.1311778615376401, 0.22556617059195366]]]], "3": [[1, 2], [[[0.094639939748662, 0.12097821731901555, 0.06450508731329956, 0.05618631758881562, 0.20300996560286935, 0.18316792223997672, 0.16123659804199686, 0.11627595214536447], [0.07909309369233965, 0.07646138929993594, 0.09110606032723799, 0.13778245254677565, 0.1635993737678383, 0.15510684623761473, 0.09574132437698535, 0.20110945975127253], [0.16826887740990334, 0.139437959209019, 0.14844912105141148, 0.1182707987061687, 0.09127359996009186, 0.10827620749637541, 0.17140249732082713, 0.05462093884620302], [0.08182602694948021, 0.06906796426641688, 0.06810772480640355, 0.21645080123606517, 0.18881117346139117, 0.14702764689465128, 0.07850523810580959, 0.15020342427978206], [0.1387083622138371, 0.08708505695771983, 0.1318967516503145, 0.1258198036465753, 0.1631864728379468, 0.16649488236658383, 0.06509647183358826, 0.12171219849343433]], [[0.15437791909599605, 0.13462608824123073, 0.19149678749014618, 0.1596623607271179, 0.07987210527527591, 0.0650062568769487, 0.15704307538814244, 0.057915406905142124], [0.11867219082666891, 0.1644381608878945, 0.11734210895024229, 0.09315802636383674, 0.1260980252893575, 0.10220689835185956, 0.11348702533995274, 0.16459756399018763], [0.13328057336069815, 0.23981965618185883, 0.22947491794027264, 0.09802402898952738, 0.07460201309086424, 0.08042217780884743, 0.06512806564780792, 0.07924856698012336], [0.1745547120493455, 0.06947597323048117, 0.11203297258166497, 0.20235536241705593, 0.06124635802941605, 0.1971330405416854, 0.10565752778385588, 0.07754405336649504], [0.13520718906891235, 0.12630849789951015, 0.15893046899761884, 0.14023889899216502, 0.1492183896977342, 0.08077327222340391, 0.06704411499448179, 0.14227916812617378]], [[0.13981165341146543, 0.16233400191955522, 0.09147128972695477, 0.0864928167293905, 0.1360812216816647, 0.08266517295714569, 0.15500750225784207, 0.14613634131598172], [0.10502531116300123, 0.1493700875259471, 0.14987594972944154, 0.06013040568892426, 0.17026718914931427, 0.1155313704137258, 0.15978357313858169, 0.0900161131910641], [0.17117662559627886, 0.1006473083048383, 0.04794215178444734, 0.1725499243640063, 0.059148498490901126, 0.090912080106431, 0.17877373458364162, 0.17884967676945548], [0.12666641070784446, 0.13482418257984255, 0.10920629065680136, 0.0875216273482965, 0.0924741469594149, 0.14050692484925725, 0.15166197911924845, 0.15713843777929457], [0.1774253623769585, 0.06707686391144829, 0.13078435917265074, 0.06176061280230177, 0.13949146679249813, 0.12242781597268305, 0.19292287189063448, 0.10811064708082516]], [[0.08553937183934614, 0.09046294619692445, 0.2079311552094778, 0.18071724141746603, 0.08251124618449128, 0.0792796171847822, 0.19643320254345575, 0.07712521942405637], [0.1672906509276494, 0.15054732247717423, 0.060052664097576675, 0.060557917980172, 0.1911533852579719, 0.10247250037122453, 0.10194701346566819, 0.1659785454225631], [0.16910220537746778, 0.17421951249062798, 0.14350141358793106, 0.0937025007896421, 0.05504338031556031, 0.14664009979099832, 0.11775489771717243, 0.10003598993059995], [0.25046699160752695, 0.08981317989601609, 0.16687696585951803, 0.06964069189993696, 0.1620351765219858, 0.0787223329145618, 0.09135281535486073, 0.09109184594559373], [0.13349340910591198, 0.1466498505672472, 0.12454784076643922, 0.17601406231713443, 0.09622020972757211, 0.0841066803287925, 0.16330069832506855, 0.07566724886183411]], [[0.18157296218684935, 0.04838298604748371, 0.18250512548317924, 0.05272506586490798, 0.17147877718516535, 0.12058144005822805, 0.1857381430021714, 0.05701550017201488], [0.11515214189879472, 0.1690750720880029, 0.11116012273734042, 0.12495738936497991, 0.13356926617397552, 0.10226182452841767, 0.12471849491058498, 0.11910568829790394], [0.17416441904651106, 0.05343897234176301, 0.08666613789788377, 0.18111319406706253, 0.17262744055228788, 0.11131224262511759, 0.13451681197075854, 0.08616078149861577], [0.07457876945032044, 0.11399201089396963, 0.09821022706170882, 0.13114844215808152, 0.05879121532841559, 0.1870321510886268, 0.18872207425389206, 0.1475251097649852], [0.11066095275900632, 0.08182329773512804, 0.14600641838138403, 0.1295791807358332, 0.06312451681374803, 0.15836939367754668, 0.14711912795490992, 0.16331711194244383]], [[0.1587574536281976, 0.14192246110086457, 0.11266515318975855, 0.18978916087549919, 0.17979579628554085, 0.05674688718478919, 0.05392092130891907, 0.10640216642643101], [0.1388162001306977, 0.16026236970188126, 0.05870543828801592, 0.1125522650409944, 0.08667457292980149, 0.15815543929507292, 0.1426468380102197, 0.14218687660331644], [0.10617327051747591, 0.09904140834585404, 0.08032105389774992, 0.05159014244975659, 0.15860011363587878, 0.15173993622592222, 0.17647095993967377, 0.17606311498768873], [0.11745894489903513, 0.1456824091728029, 0.1689132232535821, 0.15634240951303982, 0.07674269992461016, 0.10359703224511926, 0.061122915372008715, 0.17014036561980192], [0.1455492564443722, 0.08706175141876146, 0.1557005996747834, 0.1474011177652011, 0.10712707029822935, 0.06923266662279065, 0.1556808490153087, 0.13224668876055315]]]], "4": [[0, 2, 3], [[[[0.14358288033410896, 0.11083737407279802, 0.15395411650438967, 0.11495964851931462, 0.11613245549377935, 0.15713212894909603, 0.09568491579118904, 0.06069113003623292, 0.047025350299091453], [0.16063245325464104, 0.14073508061970672, 0.15309757856999204, 0.08062055850625632, 0.06931729393917196, 0.0513385450900078, 0.10093050914381486, 0.13624996195620304, 0.10707801892020619], [0.0874125977308431, 0.14033631849656977, 0.07729477105278704, 0.09608964164044376, 0.12667051430971407, 0.08277073688256213, 0.10834827789822685, 0.13559660761402775, 0.14548053437482558], [0.06224530472891584, 0.1632453197323454, 0.10695177921930527, 0.07664948635330789, 0.10267856013734748, 0.17017006998135448, 0.10701679651264137, 0.08578495943148474, 0.12525772390329754], [0.1139644466875756, 0.0813174937561987, 0.09185316200133224, 0.09168744884136902, 0.09642839568693573, 0.09382996640752837, 0.19359923180198368, 0.10238564442811134, 0.13493421038896528], [0.20271203624165757, 0.1330343186312584, 0.16493706281250226, 0.08332670427682856, 0.0866174245617767, 0.06166482267781269, 0.08276892099075772, 0.10083903835647097, 0.08409967145093508], [0.06727541616179322, 0.07236580948317844, 0.12658692368218952, 0.08602663499873063, 0.11120274099299267, 0.13338379391421723, 0.16318930096488146, 0.05940224811093835, 0.18056713169107838], [0.12679430565461308, 0.054753955243944066, 0.15920120153530007, 0.16543962347286809, 0.052025958801363764, 0.08049163888291067, 0.15031359867008984, 0.14267064626086268, 0.0683090714780477]], [[0.08284423669599955, 0.10744073616802143, 0.12485138709038558, 0.14526646324050804, 0.10720282604794266, 0.12149472672179498, 0.1649921990079502, 0.05648556689919616, 0.08942185812820147], [0.14434491731559396, 0.1694243081155405, 0.11653291390683419, 0.11935118762137831, 0.06074877729105361, 0.10767030918766456, 0.11942066258159627, 0.07940738853296894, 0.0830995354473697], [0.10863445127591531, 0.05402612165914227, 0.10019508038582073, 0.08328252860188498, 0.1010233765234477, 0.06926620506698175, 0.1870956272741563, 0.14170221636359404, 0.154774392849057], [0.1583906605921258, 0.11736742932960663, 0.05929975732569668, 0.12282314947962712, 0.12984093147880194, 0.1522199034932535, 0.10794408376686974, 0.0650370761307093, 0.08707700840330913], [0.09920403875096284, 0.1394937273210705, 0.12879022546649485, 0.09820894792147562, 0.18801173364971027, 0.13377546050579278, 0.08127598856291655, 0.06198201681889893, 0.06925786100267767], [0.09713810170733836, 0.08283858320140038, 0.08717920425623447, 0.10370084176767988, 0.08496687144270558, 0.2062684307719666, 0.06934876720364126, 0.14384721852155893, 0.12471198112747453], [0.15963975264054114, 0.05403851009739023, 0.08871761047471871, 0.1580735593397432, 0.14545934186531384, 0.13958255387301724, 0.07173667030809815, 0.06117881884835641, 0.12157318255282103], [0.16722426513304436, 0.11787802996379934, 0.11984463166345674, 0.08122274705400052, 0.1460504873993397, 0.06891504922263676, 0.08701008395456732, 0.10048608596012935, 0.11136861964902578]], [[0.09504394532946454, 0.07398414768013391, 0.1558282824024904, 0.10267410091263332, 0.1509779170976442, 0.0805091009146526, 0.13445367083266013, 0.14294695136852678, 0.0635818834617942], [0.0911113601640022, 0.06361362117400972, 0.05395223753108788, 0.1799676187674612, 0.08917330454331915, 0.1554759934651717, 0.0799643263414537, 0.1380174687528073, 0.14872406926068707], [0.11048321555719026, 0.09572838054539813, 0.08862402791375994, 0.08113465251202914, 0.1501930049821081, 0.13842960967608547, 0.1544147760009029, 0.05442628134134698, 0.12656605147117908], [0.1700062435400906, 0.06879083402368003, 0.053452016544988934, 0.14364052075046604, 0.12136191295918763, 0.1571038873601916, 0.06324807916174748, 0.15087922518473165, 0.07151728047491591], [0.06391458882021196, 0.0639930183509977, 0.14762505905180873, 0.1284145812427082, 0.11013592669218322, 0.0890147291050695, 0.15567896235254386, 0.09333768923600391, 0.14788544514847293], [0.10515286790356673, 0.09668713833219764, 0.10835793345465872, 0.08640057951693572, 0.14714420632348546, 0.11380849330846173, 0.07698541325092453, 0.16783059187175056, 0.09763277603801901], [0.10924338794593697, 0.1544562429954581, 0.11929522538874496, 0.05609028967649476, 0.15861226783284896, 0.11972752869405832, 0.08324989844538787, 0.05887766969029223, 0.14044748933077783], [0.1301509257673175, 0.11832743484085075, 0.16753048983222166, 0.1531564573222829, 0.06620921414942484, 0.08805750096806303, 0.07942547710288324, 0.14706109201640438, 0.05008140800055174]], [[0.11499707400701274, 0.13951468615605828, 0.1540680850853871, 0.08599289058227998, 0.14700084294842578, 0.05652500325554378, 0.15020863297750606, 0.058671203093250406, 0.09302158189453588], [0.14591820988200516, 0.06236803114778339, 0.07260682181843718, 0.13623323490501588, 0.1359472352656928, 0.1257658842963016, 0.13258032294656658, 0.11306345100455235, 0.07551680873364507], [0.08971357888566805, 0.06803286038044237, 0.16406489821588763, 0.12111802663854035, 0.09700073161974915, 0.10508046940833912, 0.16919549770506812, 0.06430094808905039, 0.12149298905725496], [0.09502902969306473, 0.1069827109143917, 0.03979559156083199, 0.1364995560201983, 0.14329299925869457, 0.10173756177965736, 0.11662991870322258, 0.1422038061196383, 0.11782882595030057], [0.06134651296925321, 0.11484933440419491, 0.11869102451010181, 0.09563782107350803, 0.1350707031651842, 0.16006054191966942, 0.15894963824416028, 0.0990100762114472, 0.0563843475024809], [0.1587584809351451, 0.14118136479582818, 0.055160185362974505, 0.1510505226982953, 0.14491473926776957, 0.10263393210162557, 0.11135815481318545, 0.08820118577014618, 0.04674143425503018], [0.09516583586538448, 0.1617370526472276, 0.048109625547704, 0.0949241143156897, 0.10412986994893106, 0.12394892639727821, 0.17839240023323508, 0.09675286929537229, 0.0968393057491775], [0.15262431553947353, 0.1119633486134673, 0.07952202019831466, 0.11199492937334565, 0.0675855817743169, 0.07264961020145104, 0.11854100927215278, 0.10721822383104626, 0.1779009611964317]], [[0.10004315078524502, 0.13141875225649344, 0.1388495719517797, 0.0498151085753639, 0.1433465324298631, 0.07353312278291703, 0.18613073281352085, 0.06930935339035088, 0.10755367501446629], [0.05727584322837224, 0.1819724250876658, 0.11430029464584034, 0.1270486895239248, 0.05477607036507145, 0.1481946146932236, 0.0743150963396192, 0.16845385219249717, 0.07366311392378529], [0.08032422214538366, 0.056697272233776214, 0.1234552512502799, 0.13767608158083205, 0.06116688598856428, 0.16997102043714413, 0.12057686097057525, 0.13147559754320184, 0.11865680785024267], [0.09928907479868908, 0.12077777480085683, 0.06608126540180584, 0.0696908940386631, 0.16164396963070632, 0.17304987213723294, 0.09557586094536076, 0.08170363843563357, 0.13218764981105158], [0.12130826181311724, 0.058641109723982184, 0.0800179054877642, 0.17153349674907153, 0.16220762209960052, 0.058920589788173536, 0.0907776502861939, 0.09226568847859358, 0.1643276755735034], [0.05827643919644998, 0.07220790181532477, 0.18706383611814045, 0.08449495747456293, 0.1627707016129578, 0.09433933518474134, 0.07143749566646741, 0.09516292984123678, 0.17424640309011855], [0.16413625047107677, 0.16061940490958201, 0.10084213082432895, 0.138237975703815, 0.0743105320307266, 0.08648080363083316, 0.16974619446961647, 0.04780886937862812, 0.05781783858139302], [0.08039893532675495, 0.053458534517453395, 0.07646962859745579, 0.13612878659682964, 0.11212035112699069, 0.1821247833116421, 0.17094953533066315, 0.10029458914107375, 0.08805485605113664]]], [[[0.0950358311250664, 0.12310604756163111, 0.08015736031458177, 0.12761828259771243, 0.09899696869954289, 0.11800818417923707, 0.10255766838542095, 0.083676373934828, 0.17084328320197942], [0.14300964204738265, 0.06172394994212614, 0.15668068604501334, 0.1070043349945046, 0.16008132998645305, 0.147735540162163, 0.09889291851429745, 0.04638653790995661, 0.07848506039810309], [0.11885940986726232, 0.131335900314041, 0.08031404313543505, 0.06421219180482592, 0.15870202138777625, 0.17900694250730767, 0.11669350293580832, 0.06860311794312138, 0.0822728701044221], [0.04924193643089658, 0.1746705393885856, 0.06315255576715449, 0.12738046078833237, 0.08503539060660034, 0.12425303804648924, 0.1378671310489866, 0.16283242074351412, 0.0755665271794406], [0.04372689201526514, 0.059713832303010514, 0.15662527194503173, 0.15330716521709487, 0.11819692715956559, 0.11859107821443907, 0.12678454904399897, 0.06460118424483151, 0.15845309985676248], [0.1212403995592994, 0.1154964621192833, 0.137384292497121, 0.06130488308629898, 0.08053904779952058, 0.1727061437631467, 0.06708117442852689, 0.15096301930215286, 0.09328457744465027], [0.09393592667685101, 0.08085849516620863, 0.08956522155504451, 0.13680080121988927, 0.08195406434648529, 0.11695866962745972, 0.10521334844191177, 0.12960253229013702, 0.16511094067601265], [0.16879169340375075, 0.08682200656134414, 0.05772308706833872, 0.09431595625351623, 0.14701877384321899, 0.06092862094792266, 0.13138726307397808, 0.14729825786306577, 0.10571434098486471]], [[0.14993023515095336, 0.05973222801861044, 0.055460645552329366, 0.14412940886606065, 0.11253464055925888, 0.1387273691233647, 0.10429791772749991, 0.07871425051482861, 0.15647330448709412], [0.14497494412272174, 0.13157242732986962, 0.07749218139734006, 0.11820236806959634, 0.08886093304650942, 0.05438281189549993, 0.16006408457470986, 0.06017241416405719, 0.16427783539969582], [0.08871220284608484, 0.05901703616225141, 0.09962795453423867, 0.13731080794493608, 0.12129253642099865, 0.12975423615030074, 0.11293268518261688, 0.11674521728044808, 0.1346073234781246], [0.07529539316433569, 0.10626032046012976, 0.07161993165325145, 0.1706090675400369, 0.16497695044502547, 0.04814246489684976, 0.13417640535009798, 0.1625474820798457, 0.06637198441042731], [0.10211534031096052, 0.1414921545225615, 0.04161294124659003, 0.11678493078340882, 0.07145664440482934, 0.14250142407647698, 0.14778825911807572, 0.14475273891777768, 0.09149556661931943], [0.17285673846320684, 0.17032713555666412, 0.09434485998300252, 0.16806639984345847, 0.05355296801658687, 0.13442480137358825, 0.08146180911231386, 0.06563601117321605, 0.059329276477963086], [0.13882977955488818, 0.09077248695901206, 0.14266962897436952, 0.053757586473141425, 0.08745760262542851, 0.11768788693748289, 0.15156290298390246, 0.08792442595169368, 0.12933769954008123], [0.15254209715864242, 0.1187493742952818, 0.07084614735088612, 0.04475438051481398, 0.15055556818483798, 0.04436262990931424, 0.15113140202233202, 0.10787447715133461, 0.15918392341255685]], [[0.12197310676187036, 0.14342942280884938, 0.07369834011749365, 0.11856909879173672, 0.07921663452134926, 0.08761431925684464, 0.10351981086646517, 0.1300420983098389, 0.14193716856555172], [0.1660947383234002, 0.11324710696997287, 0.11378842234514368, 0.1614672863989806, 0.0862599476266594, 0.06691506009203499, 0.10372647729523088, 0.09356678160488466, 0.09493417934369285], [0.08167697699606719, 0.05408622575601013, 0.050597052753630266, 0.1903193133745813, 0.10964962165336069, 0.10339045684348802, 0.1459361417821, 0.07946500618517834, 0.18487920465558402], [0.13399368134173262, 0.05059048423451522, 0.08986308081646438, 0.14509600827687696, 0.15294810544456255, 0.09582520714097673, 0.11329844050265067, 0.05987974486418716, 0.15850524737803373], [0.08359796750827621, 0.18880619257856263, 0.14544140949990353, 0.1392404406462118, 0.125177126413932, 0.0834497282279647, 0.07543892750387239, 0.08194296557818298, 0.0769052420430937], [0.13042150798874763, 0.08009369580491192, 0.04584144919188352, 0.1526309143064374, 0.14263274688226815, 0.14778511655653492, 0.1556549939820945, 0.05944151151269417, 0.08549806377442769], [0.1439641608482111, 0.13575843256516082, 0.06425921597601245, 0.15156014792412642, 0.07356314219184346, 0.07348098224320067, 0.1147823027010561, 0.12216342769656229, 0.12046818785382661], [0.04977186342961358, 0.14185645483632559, 0.0701709387728177, 0.05422722767081545, 0.1431788634073052, 0.15101725722908702, 0.14006001425554365, 0.13389605432481747, 0.11582132607367446]], [[0.14262831426596603, 0.06780160217055603, 0.11965717823885134, 0.11388799486438561, 0.09567055539800602, 0.170464315075282, 0.1337592569954969, 0.06684333629725352, 0.08928744669420265], [0.12661118883900027, 0.050996607581105816, 0.14752824598215872, 0.10318280100545688, 0.10136943599425786, 0.11529617813567886, 0.14422457891948187, 0.08483271429095872, 0.125958249251901], [0.09533570445661074, 0.06366155669523409, 0.12851500019111228, 0.11990423831770827, 0.10516759788304803, 0.12554079979355118, 0.12731296838158115, 0.11046010989784434, 0.12410202438330983], [0.12105291990040463, 0.11901768429853146, 0.11179195855060409, 0.12754065659529068, 0.057770961772467676, 0.1425904802428458, 0.14153036417491077, 0.04257978088907745, 0.13612519357586736], [0.06777918588691655, 0.09802429970251716, 0.15791203121603561, 0.07245565755769218, 0.16883094016491057, 0.1709084639722843, 0.12329817647523683, 0.04981767999065983, 0.09097356503374687], [0.11432974209153052, 0.1581552805537859, 0.11612081156273439, 0.07136275596718611, 0.1163845613362636, 0.10507258726969176, 0.13393113802298862, 0.05297599556105132, 0.13166712763476782], [0.10657740038730905, 0.15796821220428883, 0.08227950387617651, 0.1177098185282068, 0.15419499916530188, 0.05311116524816003, 0.15482870968575183, 0.12444418377016127, 0.04888600713464377], [0.08439037688853751, 0.13856765665008128, 0.05330921254099978, 0.12180370129987751, 0.09036671492453426, 0.12695855860920008, 0.05043428887713237, 0.16030260455006967, 0.1738668856595676]], [[0.17995662301859702, 0.14966109551941378, 0.06404139528990947, 0.15085112677706014, 0.04946211492075355, 0.04912169484303933, 0.090785077145613, 0.11359149783478899, 0.15252937465082456], [0.1282062723363571, 0.09826886349421225, 0.07654326328490244, 0.1677830240921354, 0.09578181223802923, 0.09896048665434684, 0.06267088826982266, 0.14226923965510346, 0.1295161499750905], [0.07498727623136825, 0.05625902043254014, 0.13720293027817185, 0.13368593775586052, 0.08209078601006824, 0.1737915815437388, 0.06555312303589213, 0.10361859343255227, 0.1728107512798078], [0.10093925553998484, 0.13026673519550644, 0.09797258829702715, 0.08143500377429169, 0.17657062511574118, 0.09954614990457988, 0.16452343708160405, 0.07550237184797216, 0.07324383324329252], [0.04451328637338105, 0.12030044989328322, 0.08571981858619038, 0.14627696758741499, 0.0985050751266164, 0.15895860883055052, 0.06336948519073617, 0.14679785234420734, 0.1355584560676198], [0.1299008219398658, 0.13858962378031636, 0.1287364721076446, 0.1128786271155488, 0.054651400029505214, 0.04303846826191273, 0.14753760683393957, 0.11175284404073055, 0.13291413589053638], [0.13189236066572022, 0.07294073698561569, 0.07421580410124685, 0.1649187050470477, 0.1236024763423248, 0.08641014735214096, 0.13352264395456434, 0.06434610383616536, 0.14815102171517397], [0.09428068030780117, 0.17701573140303997, 0.1007559954747386, 0.12343028147252401, 0.05399475700598387, 0.06351575134307909, 0.1136118466264954, 0.1272994347939375, 0.1460955215724005]]], [[[0.08355134286568859, 0.13746828710335104, 0.15954476983700172, 0.14881384531796082, 0.04985737199571775, 0.1087966289240972, 0.05858839110834536, 0.07691831707193268, 0.1764610457759047], [0.07361825201858603, 0.1287578249436869, 0.14721040582817052, 0.16025437795758735, 0.13815843982089934, 0.05308364268923179, 0.10208066519312897, 0.1316701165152878, 0.06516627503342151], [0.1094373136745935, 0.05864779822670082, 0.0659081039299586, 0.11684497738194508, 0.0745703556288951, 0.14414470474902083, 0.16365321855091358, 0.18143329182333295, 0.08536023603463973], [0.07273927138170877, 0.06360143780995532, 0.14084994952196397, 0.1510234619799507, 0.053001464465998495, 0.18439074631857133, 0.05596223328152608, 0.12703255396753402, 0.15139888127279133], [0.13560619091278064, 0.11794103022020044, 0.12780955002265093, 0.07575639384991886, 0.12928429453711865, 0.0465548604188263, 0.13829145739282542, 0.09919350345791285, 0.129562719187766], [0.11597529185794545, 0.14420837312447524, 0.12691138233614557, 0.15720038770215802, 0.061255511369366106, 0.05811453847598169, 0.08568212522334095, 0.07275702125597788, 0.17789536865460903], [0.06963190888112278, 0.1649849586694077, 0.084462147622672, 0.06495706894325944, 0.14152426020049227, 0.12501683296597627, 0.10478913363345854, 0.11199341332623561, 0.13264027575737553], [0.07923431270443645, 0.18753561241739522, 0.18449751512027857, 0.13873478251814644, 0.07515653753967656, 0.14295222426584478, 0.057195996730877566, 0.05133638255014638, 0.0833566361531981]], [[0.0998565549872665, 0.15074724706099213, 0.13304514060637918, 0.13499438881611056, 0.0951984648179642, 0.0852174871665167, 0.08836687622764855, 0.16572367470883168, 0.046850165608290556], [0.14008351623732673, 0.1064321348562479, 0.09008702434030502, 0.12353839851229517, 0.09569490804124202, 0.1408294375327166, 0.1440128745550036, 0.08811542384800997, 0.07120628207685302], [0.10942610478309316, 0.147255202749307, 0.06430632134643297, 0.11304528665074462, 0.11406115007144824, 0.12606582082998552, 0.054956471257093596, 0.12402218011899901, 0.14686146219289584], [0.0685892336612451, 0.07632502447049587, 0.17443948304132387, 0.06876221789744258, 0.15879548878194752, 0.1103825026855215, 0.07762025647092284, 0.16098342963673637, 0.10410236335436436], [0.11729240302771118, 0.09577639214404393, 0.12809763589136966, 0.06871134636683447, 0.1001807369439869, 0.1801592226263181, 0.08179508587451856, 0.13691869966066877, 0.09106847746454844], [0.16608641652701067, 0.06965849859341203, 0.19555021487999352, 0.11811497535345214, 0.08544123830179814, 0.06104856877380483, 0.07549343455173498, 0.1280165382189451, 0.10059011479984868], [0.16746295834224237, 0.11011602709338718, 0.08386681592968037, 0.13695372937271919, 0.1498687722006747, 0.07209870434217282, 0.07218188828755032, 0.05331371662169739, 0.15413738780987576], [0.12735794838056294, 0.10319602540734672, 0.15039491708875175, 0.14547752411327516, 0.1173380181084413, 0.15347315990742988, 0.06886526562823232, 0.056869270329277945, 0.07702787103668197]], [[0.056617258910464, 0.1253669345363147, 0.18416175331717777, 0.054044190431102514, 0.06604665678789223, 0.1139149314126757, 0.18376576119260207, 0.09418650132513025, 0.12189601208664085], [0.046513292143504574, 0.05975991278218839, 0.16376322159658568, 0.1610943745980424, 0.04196837985215973, 0.15944343297040245, 0.12064885567575885, 0.1490350627418152, 0.0977734676395426], [0.12616302927707296, 0.12218767916757445, 0.14864364881512276, 0.07029226589632676, 0.053992598260163775, 0.09530088245074188, 0.15426372165694568, 0.07953640092045282, 0.14961977355559875], [0.14978432919606374, 0.04910277563004859, 0.11561396587563377, 0.08931160662247903, 0.13808774447983094, 0.05867074099617531, 0.11791534103574845, 0.13463669156167918, 0.14687680460234087], [0.11868795023183018, 0.09696351659158997, 0.11105227464815655, 0.1403637790520461, 0.10553720079705053, 0.04246509874757745, 0.14760750903246175, 0.11942100393559098, 0.1179016669636964], [0.07121752130821407, 0.1287108771939608, 0.09433227685481972, 0.12771819381826202, 0.05706736050710037, 0.12857594664221716, 0.17288428967324906, 0.04949416335174866, 0.169999370650428], [0.08564837087733904, 0.13931683120678626, 0.12909236465741794, 0.10417343181576985, 0.12400879205771324, 0.1402149331689187, 0.08532814586478878, 0.07640659190998288, 0.1158105384412833], [0.14983175004659932, 0.14384981923264242, 0.14851455470129454, 0.10095532711457525, 0.15114316591333943, 0.059548093180604916, 0.11525417080442531, 0.0445212666960959, 0.08638185231042277]], [[0.11274984993505759, 0.11753686483870271, 0.1657587269799548, 0.11631001400421241, 0.12599895474426034, 0.09197888030509109, 0.11384388543783655, 0.09032346842233578, 0.06549935533254873], [0.12291030852430174, 0.1314076847142325, 0.12501506386658487, 0.1045475963734778, 0.09356466831484746, 0.15700848177711602, 0.11184097623371288, 0.1066059158617519, 0.0470993043339747], [0.08289337361035293, 0.08767932671836294, 0.08996825560866151, 0.11225271899061612, 0.10653016117413752, 0.11566055061836068, 0.1349502235944714, 0.14086111592697226, 0.12920427375806476], [0.18535673292997484, 0.050560386544251885, 0.07609404551519343, 0.04902592452455689, 0.14105472615080097, 0.1770883667322246, 0.08295463207586062, 0.1812595709773977, 0.05660561454973922], [0.17945690766492353, 0.0969577694518774, 0.06154087637786693, 0.11596116554736315, 0.08353199040397863, 0.08750911859323554, 0.09068232732110226, 0.1608553732511767, 0.12350447138847583], [0.09933513829634927, 0.14541318162077194, 0.16171890056061372, 0.09337422309091845, 0.11508989688618486, 0.07014645736846599, 0.07927855330030716, 0.156320562772803, 0.07932308610358554], [0.10774775168939545, 0.1308264266479539, 0.055249675929413954, 0.11303774549051519, 0.07403636971714123, 0.1626903403497566, 0.10252441478238608, 0.14299391007038484, 0.11089336532305273], [0.04718713570728482, 0.12105148114988118, 0.16091230003451562, 0.11710117560806967, 0.14435253574426515, 0.1524959416179733, 0.07031656818119464, 0.06830820503200484, 0.11827465692481083]], [[0.09254905881351816, 0.1458673173816199, 0.15334744309896714, 0.08538657145234696, 0.07089540777385231, 0.1384898951720318, 0.07561205583091743, 0.1437229405980288, 0.09412930987871748], [0.13507660030548177, 0.057878998217548126, 0.12918023388429942, 0.10595519252407994, 0.12415295441152499, 0.06766056140511015, 0.14443236637852627, 0.16142665213752433, 0.07423644073590505], [0.06472079403427708, 0.053848315468768594, 0.14712227913803874, 0.14186110143371197, 0.13275042282800692, 0.08527112985862761, 0.10924967976056418, 0.13995775301382815, 0.1252185244641768], [0.16147493261019266, 0.05741843527737679, 0.125706628975791, 0.09016018736656382, 0.09307904521254087, 0.12845099283220224, 0.12537559203234014, 0.16189911433387505, 0.056435071359117496], [0.06992930107083431, 0.16907866205654498, 0.1457469027902039, 0.09711352678090009, 0.06598233170684553, 0.06697967439510323, 0.19623108223049626, 0.08395817601500344, 0.1049803429540683], [0.0836816187481154, 0.10285998971038526, 0.06018569683785872, 0.12737668552965345, 0.05991502978456066, 0.1694120356889706, 0.08473597860470829, 0.1305076493951925, 0.18132531570055518], [0.11640479293744811, 0.10245818114944327, 0.07778375182739873, 0.07880895441953921, 0.11860579016021633, 0.15700315366006756, 0.11770127191050682, 0.10539436382658895, 0.12583974010879106], [0.11840704111764382, 0.05834441863461319, 0.13280368664036843, 0.191422836647607, 0.07542038712104436, 0.15174018981757698, 0.07922090411253598, 0.12887885423513362, 0.06376168167347677]]], [[[0.1014107546379785, 0.14098006477589659, 0.08810858651958664, 0.129172174447868, 0.14606372597590586, 0.16310921376370702, 0.07349559994120693, 0.09480427263619398, 0.06285560730165646], [0.1574954680334346, 0.1497167145124877, 0.10373928480474881, 0.13962329651167352, 0.1014823512561523, 0.11367362753357242, 0.050184295230440525, 0.1293166243803548, 0.05476833773713533], [0.15873553460593665, 0.152706006810862, 0.14267265472369067, 0.05058800539668017, 0.08713903962213158, 0.08166041109898868, 0.09494410777376115, 0.05763654268826853, 0.1739176972796806], [0.10781519959458154, 0.07764153125472939, 0.08875649186798043, 0.09485994417382851, 0.11350192770684898, 0.10318206480136213, 0.15224598462068886, 0.10090748199548424, 0.1610893739844959], [0.13376630047044494, 0.061177412712829844, 0.1427050962167149, 0.050773790587224046, 0.12993029152711932, 0.08060997537125321, 0.13676388238649198, 0.13564412257583122, 0.12862912815209043], [0.15160582287284655, 0.08610425981341853, 0.055906297213340714, 0.09937067485256551, 0.06840402303404225, 0.1387741978097542, 0.09169425871883934, 0.17665111423255533, 0.13148935145263765], [0.13967022599606504, 0.05629495644696814, 0.1444475620059559, 0.15178779888133825, 0.0991377509604463, 0.1135409663869215, 0.1327012074670549, 0.06140823602069545, 0.1010112958345545], [0.11057031574864978, 0.07246127612829976, 0.10586824355306353, 0.06064866992402705, 0.05425000003786196, 0.07076831790310258, 0.19583254989192306, 0.13335916870664427, 0.196241458106428]], [[0.11063270640858, 0.09319890652263582, 0.12127138656809996, 0.11164592812664927, 0.06341807183472067, 0.1407280307899409, 0.0793627325392897, 0.13765991710153938, 0.1420823201085444], [0.06700638895724252, 0.05448817121039389, 0.1538069812912705, 0.10949651310291109, 0.05404834949182787, 0.18336532663275806, 0.05399544184280603, 0.1419719823249079, 0.18182084514588207], [0.09282434976432039, 0.07710850467228711, 0.0737256546766675, 0.1032163865830593, 0.07042797422801557, 0.16626837057952423, 0.0641446002310711, 0.13663998535540034, 0.21564417390965457], [0.1474766083218215, 0.12192879480058655, 0.08221373530690584, 0.12304407566893272, 0.11059422864989638, 0.09761688317013481, 0.05964906961448963, 0.1568131151883893, 0.10066348927884325], [0.07316970090986691, 0.09716483392434858, 0.10359133426725203, 0.160885803979887, 0.14786889060648184, 0.15281525911693278, 0.047725685497120106, 0.10387187562350206, 0.11290661607460847], [0.05726431757630704, 0.09635082097949055, 0.1776483237977713, 0.0764188439486064, 0.14110258601075212, 0.0891041481696745, 0.05611562160965226, 0.09332752508965753, 0.21266781281808844], [0.14565079454106608, 0.16593380002907313, 0.10539228902218006, 0.05686413779329294, 0.11310630242722503, 0.10109584325747666, 0.1511463670126041, 0.0553684968480328, 0.10544196906904912], [0.06364466243227133, 0.08663702292417547, 0.1409728331586842, 0.10656354775923849, 0.09337991626080519, 0.09582731101610972, 0.10438167363313618, 0.14724793373388956, 0.16134509908168987]], [[0.1567891774134061, 0.1362965411330485, 0.07893068292755019, 0.1242795903905119, 0.09379800781216574, 0.07154104475364051, 0.14286272302276362, 0.04523111762326987, 0.15027111492364364], [0.10404667804119794, 0.12705026551980386, 0.1299501863060093, 0.16081343348424595, 0.12698064962386243, 0.12400432442431551, 0.052361077033247924, 0.11149931379230586, 0.0632940717750111], [0.1806250320494689, 0.14263460708367975, 0.17097509634505456, 0.06325886637103821, 0.07053252242002053, 0.17706397458351247, 0.06838889556467313, 0.06824928839575835, 0.05827171718679399], [0.17223450124378056, 0.1429918735679069, 0.09168118804020049, 0.08410779745508559, 0.09120739183715766, 0.1479519509857979, 0.13282503063995044, 0.06924031776206635, 0.06775994846805398], [0.06235468232652421, 0.14351100544123518, 0.15854184298149976, 0.0864240794896743, 0.05116846764460626, 0.06001145011793299, 0.1879315549898112, 0.09081451765593591, 0.15924239935278028], [0.1380502184506562, 0.10307297439805611, 0.07767447973187114, 0.06552647600848739, 0.13665953801348213, 0.15966137444764347, 0.1408228586524113, 0.12445245339645207, 0.05407962690094018], [0.13789581100011264, 0.1199123983519016, 0.0663256537419108, 0.1391119970510414, 0.0990628590341012, 0.09700166717994245, 0.11454823731021944, 0.12129531545206451, 0.10484606087870595], [0.06219787988123212, 0.09052777592571264, 0.17003146281743323, 0.075208180408977, 0.09509722815920535, 0.10317271881281871, 0.10416050376929799, 0.12755192887247058, 0.1720523213528524]], [[0.07264186216970026, 0.057558434091089954, 0.06717217535384791, 0.15442126913742166, 0.12390875761851455, 0.07836361435632015, 0.14543914834176994, 0.1511873465331038, 0.1493073923982317], [0.14616779340977035, 0.06835011916203135, 0.12703865599759065, 0.09266338637711455, 0.13718851243608238, 0.1239395086410762, 0.12953717677537316, 0.11549705420682485, 0.059617792994136595], [0.1161225698687627, 0.17424502477948528, 0.16799420757129083, 0.0497756681613931, 0.06585708210003491, 0.06148298132989008, 0.14004524430361476, 0.15218227037726492, 0.07229495150826344], [0.10145195013470769, 0.14193310500499837, 0.12888854092176877, 0.10585059314861239, 0.11166682741484228, 0.10175513282290484, 0.07626936740206941, 0.10860512079731081, 0.1235793623527853], [0.1533888884179694, 0.1232576825991879, 0.13912596574442695, 0.06272112681314979, 0.1010456934162832, 0.04355921274196854, 0.07373054783187136, 0.1347200451997967, 0.1684508372353462], [0.06221100434261458, 0.10569516224445663, 0.16302510081539032, 0.07729336303030343, 0.12778712753532115, 0.15338809099289913, 0.1365468528077276, 0.0749904084851668, 0.09906288974612046], [0.15068228738321837, 0.11971760895208916, 0.04566671937170943, 0.1476067943474735, 0.049724264520340754, 0.14554887245405673, 0.07227271305269643, 0.1741900969636092, 0.09459064295480628], [0.08172004651836375, 0.05968384952878156, 0.07908038468220144, 0.149757997289254, 0.1645710619334542, 0.0868413316515326, 0.09678008376510024, 0.1306258740654483, 0.1509393705658639]], [[0.1331327843866627, 0.10417187777338673, 0.1072036738885712, 0.1478740046435637, 0.04836693797900637, 0.1369476541975418, 0.09899350159325555, 0.16204114382719545, 0.06126842171081648], [0.11877849105817011, 0.10495749097887865, 0.12575454171544082, 0.051323076862847046, 0.11771919546946964, 0.11533479816784226, 0.11522852761363175, 0.12074865553674599, 0.13015522259697376], [0.15465200843534943, 0.08194426399134419, 0.15737740763360505, 0.11297934488756523, 0.0557556372851727, 0.053241236268564335, 0.09069601269043268, 0.15192231443414034, 0.14143177437382604], [0.