{"0": [[], [0.15096060778542894, 0.20371768776353144, 0.08468276650698663, 0.23663330536500476, 0.23427108207332564, 0.0897345505057225]], "1": [[], [0.13667854461909418, 0.09363563722933929, 0.1306940131142802, 0.2482521713116271, 0.15371971351115707, 0.09109584414381922, 0.145924076070683]], "2": [[0, 1], [[[0.18730812895130716, 0.1372013480104948, 0.10678070390382757, 0.07121691133497475, 0.18799105525460588, 0.16443674929534635, 0.0875922795293659, 0.05747282372007752], [0.056950241827371684, 0.06626077589979977, 0.1334969568975254, 0.18431869895182162, 0.12122578410092735, 0.17178570513806515, 0.11379857166524454, 0.1521632655192444], [0.16301807260131823, 0.07763623194955696, 0.10629314494496786, 0.14854508542670217, 0.061832338508090647, 0.10634274929065489, 0.13285817613937967, 0.20347420113932965], [0.10515030823215253, 0.14960227098619608, 0.0996229841187117, 0.1470425800282365, 0.12088396386740595, 0.15878344234354136, 0.09687343197394326, 0.12204101844981259], [0.18210375187749664, 0.1419089266617281, 0.09028996043262667, 0.08069611992513295, 0.06616190303911698, 0.2281358364911751, 0.10771163382293306, 0.10299186774979041], [0.1430945008164109, 0.08742607665887384, 0.11231895584605119, 0.06634999178931501, 0.17302965387028174, 0.15855595635635938, 0.16018956459027944, 0.09903530007242849], [0.21197536709448891, 0.09232194942128862, 0.06615481671632731, 0.06835137184503602, 0.1779725698639903, 0.15258902069252922, 0.1647037031726276, 0.06593120119371203]], [[0.11072851727785092, 0.15399081478331142, 0.11365880311287359, 0.15606341119682457, 0.08294933213929608, 0.16791556062732169, 0.13500387672428077, 0.07968968413824103], [0.08120828594465186, 0.13695322255324108, 0.16571663749655757, 0.10669492500104086, 0.0842825062864587, 0.170997813835396, 0.14282784913673863, 0.11131875974591533], [0.11950543502956114, 0.07822976148663535, 0.13971843817344673, 0.10071048235889823, 0.1933921953378007, 0.11838250815147461, 0.11921227317342531, 0.13084890628875803], [0.17150531659561985, 0.1555992799436315, 0.10762402365060637, 0.14433303184954174, 0.12615973841581346, 0.11328150821274821, 0.07211613901033684, 0.10938096232170211], [0.08330820936470759, 0.17954402087308782, 0.09619504348433432, 0.18492697554896362, 0.12462582319918583, 0.13879300338679595, 0.12604775496348541, 0.0665591691794395], [0.12267378080891826, 0.07481287194742473, 0.1654242897440581, 0.134964948084772, 0.19224246350061872, 0.0958002843051605, 0.08612960411568149, 0.1279517574933662], [0.17353129025207445, 0.1437586212667777, 0.10360995422151198, 0.11715570894152609, 0.057509547997859525, 0.18151844723167956, 0.1376964089471512, 0.08522002114141952]], [[0.13339363600385742, 0.06426516657056651, 0.1885465594461949, 0.07374243640101658, 0.14242380883944988, 0.08399858939271065, 0.15251474611640214, 0.1611150572298019], [0.1462817472543837, 0.1377206013577775, 0.178109734726955, 0.05985801021375384, 0.09651559671651265, 0.08450980876105854, 0.19199245410766966, 0.10501204686188902], [0.19446346969166722, 0.185727214762808, 0.09950148189411825, 0.1044119226536812, 0.11212643521411207, 0.13581399916612164, 0.10355948471376533, 0.06439599190372612], [0.177010954292097, 0.18959525497801413, 0.09850973192991563, 0.09806257879690503, 0.04968885023650602, 0.14794390258887993, 0.16913588815706765, 0.07005283902061463], [0.0776684597085568, 0.17698598741156046, 0.1496062620625024, 0.059581654943936996, 0.15059188681065871, 0.10118191153030559, 0.11060413092368131, 0.17377970660879768], [0.13798701810831876, 0.08847546491004346, 0.1544134772731757, 0.0892117967113007, 0.13327206176422515, 0.09854719500501172, 0.14842974200139358, 0.14966324422653088], [0.0564557958815777, 0.17038395941802426, 0.15549567005709872, 0.15090351392772716, 0.07168436860041177, 0.15275632267882533, 0.1587961885825198, 0.08352418085381524]], [[0.19613738329156913, 0.0584621589729456, 0.07372621511954477, 0.1328716248342308, 0.13870136136866368, 0.14928294994892727, 0.0534441198589415, 0.19737418660517725], [0.06438905779985339, 0.08116672274624603, 0.05918002871222979, 0.153371827301415, 0.21562896390464092, 0.17025425233109986, 0.19695405822477813, 0.059055088979736874], [0.13108885592180827, 0.11874111236936911, 0.12464224914688679, 0.06073309219118331, 0.15241713860445907, 0.12527908285004927, 0.16450448131416343, 0.12259398760208082], [0.07140637977688225, 0.1452033047827447, 0.07480939044849676, 0.17835921719397937, 0.1400050586131214, 0.07256349815690964, 0.1916642516450681, 0.12598889938279764], [0.056602790212667384, 0.1337859077106295, 0.08172516913349324, 0.15842898299301011, 0.16039761134405542, 0.18284819468954386, 0.11637398706359287, 0.10983735685300763], [0.15836528262477068, 0.06787502185571682, 0.12826620437242503, 0.12816887876888924, 0.06160959993386987, 0.10947885238148064, 0.17290906351680074, 0.17332709654604697], [0.07769866994008454, 0.07616888026487584, 0.10705906312732924, 0.21699955982939229, 0.08302710122451912, 0.1891998097479728, 0.07804497035316962, 0.1718019455126565]], [[0.10391361569643025, 0.1691567555561122, 0.08546770718844213, 0.14659058955455748, 0.08576797502019275, 0.15781374018891933, 0.1819332758346636, 0.06935634096068241], [0.18727346346767426, 0.14466304120755255, 0.07186167524450104, 0.11875013375717604, 0.07712902215596855, 0.16132709440738482, 0.17046037551576998, 0.06853519424397284], [0.1028076453483451, 0.14058685963076134, 0.15547123511788766, 0.1037112075635017, 0.15719999961339948, 0.106426433023438, 0.0890975589566221, 0.14469906074604455], [0.1175524565899831, 0.11455356857187501, 0.11717258856464369, 0.16788468578376053, 0.16577304191364092, 0.10482541061860771, 0.09483583199713234, 0.11740241596035676], [0.1418626055677206, 0.08950242790385109, 0.17649160242563597, 0.12835282852357818, 0.10448680779452112, 0.06891186063744294, 0.0895819540201615, 0.20080991312708862], [0.11905485019865443, 0.09364877062929268, 0.1480660888195694, 0.11942558254828362, 0.06871641653160135, 0.12241997677864107, 0.16362518460607792, 0.16504312988787942], [0.1056112712285026, 0.11950267487282852, 0.1988329785094089, 0.10879381376137527, 0.0905582265656728, 0.08829874622313409, 0.12110421475392338, 0.16729807408515446]], [[0.09132764152614437, 0.17655681540079837, 0.06002747824588555, 0.12738729270040952, 0.1878294680107665, 0.11380637919932116, 0.15190813722328814, 0.09115678769338646], [0.15859097905155073, 0.0568706596077569, 0.17489464211270275, 0.07839074390327648, 0.17811790502434038, 0.1011519684463667, 0.1557428454153975, 0.0962402564386086], [0.18865220204293154, 0.07002202116386431, 0.07792020007845238, 0.12579859959710019, 0.06321747032699299, 0.0805782233378645, 0.19441488380259583, 0.1993963996501982], [0.09593948861926638, 0.16989947132849295, 0.11873013172762263, 0.08153802430451751, 0.1400347112863831, 0.13415377148279015, 0.17880118201776976, 0.08090321923315756], [0.15218242183419517, 0.0583300107962073, 0.0676575373427415, 0.05104848562367841, 0.2017398708791294, 0.1718924404105821, 0.16953859380833822, 0.12761063930512778], [0.12251154188006709, 0.09373028470700633, 0.11953437332212474, 0.13719282858033802, 0.21075751345399285, 0.16885365992347529, 0.07945971915415931, 0.06796007897883646], [0.06714570692975036, 0.114640996727419, 0.19519975282710336, 0.14961189395160124, 0.17495318527735035, 0.12325270779085996, 0.10711480656667365, 0.0680809499292422]]]], "3": [[0, 2], [[[0.3292487187223505, 0.3039892802289301, 0.13653091428695804, 0.23023108676176127], [0.20663598716703135, 0.24130998889010827, 0.32215462718480387, 0.22989939675805665], [0.4017935835946159, 0.17646444988143017, 0.18225276788237485, 0.23948919864157908], [0.12322679462729307, 0.36269847982709263, 0.35595355885394275, 0.1581211666916714], [0.4068439566883413, 0.1698189990583745, 0.22074860529721022, 0.20258843895607406], [0.24701563696021966, 0.20583355407088358, 0.28784783440079054, 0.25930297456810614], [0.5134137673042256, 0.15141363204522634, 0.18496497928959202, 0.15020762136095592], [0.28529351294987076, 0.11535854802772276, 0.3479332059441562, 0.2514147330782503]], [[0.3083173692201806, 0.320712149124901, 0.18066940499790463, 0.19030107665701373], [0.2535482775099769, 0.360340182451567, 0.21128721002712245, 0.17482433001133366], [0.3328384673248272, 0.09073039194984975, 0.29008758766760506, 0.28634355305771786], [0.24165995388861455, 0.1797308675824334, 0.1835641877998314, 0.3950449907291207], [0.22244177225533154, 0.2543309480674649, 0.2895919158628951, 0.23363536381430852], [0.17570492234744256, 0.20716579715117217, 0.4222246112852205, 0.19490466921616484], [0.11826657355407312, 0.3020697465669167, 0.21442994313865732, 0.36523373674035287], [0.2998360090147498, 0.12917618915252813, 0.3905565222739682, 0.18043127955875388]], [[0.25588020015045965, 0.2807024793121286, 0.14674714207878733, 0.3166701784586243], [0.15317862268923846, 0.24631374991976035, 0.22945442804344118, 0.37105319934756004], [0.3751059275599812, 0.16065180205379892, 0.2309986310117557, 0.23324363937446416], [0.1523964568661907, 0.35581746932199537, 0.327137588608956, 0.16464848520285794], [0.2739471769380609, 0.1718446006920203, 0.3762719478085753, 0.1779362745613435], [0.32424376884777506, 0.27379781122109015, 0.1778363175028168, 0.22412210242831807], [0.3713257638411198, 0.26474907390069363, 0.1515022119890171, 0.21242295026916935], [0.27118808296586566, 0.22533262482213726, 0.22683354978717302, 0.27664574242482415]], [[0.32416332582131524, 0.33098292661117207, 0.11309406755948334, 0.23175968000802924], [0.2979360287055847, 0.3024909896727293, 0.26081528051117187, 0.13875770111051408], [0.3324953806951376, 0.3097627958539106, 0.12334385164381294, 0.2343979718071389], [0.22415651090276092, 0.2963992368111707, 0.1552733392144059, 0.3241709130716624], [0.22066054067584828, 0.23807574970550163, 0.24904562727824003, 0.29221808234041], [0.20497142421520784, 0.16949667640900437, 0.4425405587660528, 0.18299134060973488], [0.2823469179258521, 0.25380734119657894, 0.18006099763311811, 0.2837847432444509], [0.15823252676787775, 0.23379773434147302, 0.3569269697455872, 0.2510427691450619]], [[0.363854602672057, 0.11505313836280667, 0.2545687510487082, 0.26652350791642804], [0.2858170162632674, 0.1707257642538043, 0.2022912728811223, 0.34116594660180594], [0.1435538003305267, 0.3152731836315705, 0.24347607330762283, 0.2976969427302801], [0.2836478134601906, 0.14653117712039743, 0.24441858092795607, 0.32540242849145595], [0.2300691672842162, 0.39071477430591617, 0.23611022984817398, 0.1431058285616936], [0.18713460673933954, 0.3327134756065573, 0.16908473450184744, 0.31106718315225573], [0.3601343232286802, 0.20266935700662042, 0.12352271468297642, 0.313673605081723], [0.19216479217848736, 0.33264594438016554, 0.23124543327698688, 0.2439438301643602]], [[0.3354265834582245, 0.2160317258070571, 0.23437323209160527, 0.21416845864311318], [0.20625111447648872, 0.2529385669018655, 0.3361994439718298, 0.2046108746498157], [0.27886524629847437, 0.326494313492681, 0.1960059715113007, 0.19863446869754386], [0.3005195809011834, 0.25072854775473075, 0.21600935959752676, 0.232742511746559], [0.11944448546353495, 0.3133854040705226, 0.2776165317388899, 0.28955357872705256], [0.2373825851726154, 0.14213929283780619, 0.1804714590771873, 0.4400066629123911], [0.32276444317424263, 0.3479857539806484, 0.16791842307092938, 0.1613313797741796], [0.31448395817013997, 0.2608722228549676, 0.25207437578562236, 0.1725694431892702]]]], "4": [[0, 1, 2, 3], [[[[[0.12871778949360818, 0.059884912971248476, 0.06247556417187186, 0.09480502072297743, 0.07397868445584067, 0.06934414503156541, 0.11683642976437385, 0.1175210524077715, 0.13824148718929102, 0.08967060766991475, 0.048524306121536936], [0.062012153572973835, 0.13417299002696775, 0.09496873632813395, 0.10656189947294599, 0.034805605477208436, 0.0869947212759501, 0.037887910060370344, 0.09220747144524316, 0.12812147823463016, 0.13298931000058645, 0.08927772410498981], [0.09265532649776435, 0.14964026428064434, 0.11787005982436613, 0.04661603903714004, 0.09353568789753028, 0.06714153982880473, 0.09401313467908606, 0.09233467921827673, 0.10716340940683167, 0.08078169829558335, 0.05824816103397213], [0.07869811553629698, 0.109393470995567, 0.09376854032210408, 0.06315207429068911, 0.11929547089181743, 0.11710339630942085, 0.05102190845959692, 0.035045335217645614, 0.10103580896869757, 0.10914971749286323, 0.12233616151530104]], [[0.13303545757097804, 0.10157018066590405, 0.09390430897064828, 0.03928236485946925, 0.06308135662834968, 0.08624331436748901, 0.10461218389221298, 0.0968626041793781, 0.11702551821763332, 0.06668254810342336, 0.09770016254451389], [0.04349569806858083, 0.07708925150669836, 0.11181510321955296, 0.10595755163611113, 0.13663250397644577, 0.06307752098329329, 0.08581198854234655, 0.06840662424352098, 0.07986917368189163, 0.12283561133929602, 0.10500897280226254], [0.134031762135906, 0.05918384128680496, 0.13303073914385788, 0.043336404812815116, 0.1347106540811717, 0.07302636366923998, 0.07142935399205358, 0.09320263424637192, 0.1404533604408429, 0.04201558225956055, 0.07557930393137542], [0.12365030925332328, 0.07579512982958415, 0.05533430308331301, 0.07878164750357836, 0.07470380554588343, 0.1297651698004634, 0.11381593849244279, 0.08712833072450621, 0.13734630223027355, 0.08298851896438121, 0.04069054457225063]], [[0.05865180614458187, 0.07576619093009189, 0.04827544457269988, 0.12613506139038766, 0.10833923034303443, 0.05924391772629133, 0.09100345596452988, 0.10386854100918325, 0.12551603504121991, 0.11964269938823352, 0.08355761748974656], [0.1390704800379138, 0.11239724393031203, 0.11121226008242402, 0.056240826636888945, 0.05767117457596709, 0.10830400906987427, 0.07558537232982405, 0.04447929927625423, 0.13256704323866156, 0.045916424420592246, 0.11655586640128773], [0.08759731627838316, 0.13072908417619375, 0.08207753625739486, 0.03985024587770344, 0.08885166820506141, 0.11790678990523783, 0.1335436157753893, 0.07666926381384019, 0.06562135877977687, 0.12448839424648113, 0.05266472668453804], [0.10969256433926833, 0.08544611026684923, 0.04328863015461287, 0.07869110681175852, 0.0692036229259584, 0.11786228462630607, 0.14823466160023072, 0.06952950707532231, 0.1323576776677699, 0.04493933908925575, 0.1007544954426679]], [[0.03736642585767487, 0.11725401475844352, 0.10174046245177915, 0.09171140020152227, 0.10706441181004543, 0.09074642826805315, 0.12048394318597348, 0.09689314365673175, 0.11638671707883111, 0.07868321901814881, 0.04166983371279639], [0.10166543741157269, 0.05430813735884177, 0.10925522933398069, 0.09627426917608313, 0.112805144801107, 0.04052172014283582, 0.06232888440648712, 0.0973171521691801, 0.1515033832320605, 0.08460513607750016, 0.08941550589035104], [0.12462920424022446, 0.11144083978662363, 0.07518681690967242, 0.08849254283473454, 0.06552756946611005, 0.15451622860825043, 0.05517395396293152, 0.08385717879142111, 0.042711929333334994, 0.06601271701140524, 0.13245101905529152], [0.06214236225386731, 0.04806181110421795, 0.09391385911141072, 0.0399126111715745, 0.04860855652756975, 0.13264876311332882, 0.12844564377904205, 0.14514829851445663, 0.13810017887224788, 0.11818007820247849, 0.04483783734980592]], [[0.1118206082601679, 0.11809819097108078, 0.11344690489488193, 0.08433389465856309, 0.056726200665170305, 0.11808007466249063, 0.10624192913691115, 0.13164775419551158, 0.04899127512743659, 0.05600116267106772, 0.05461200475671832], [0.1108053097716516, 0.05120064072058808, 0.03936621837090917, 0.131081329353751, 0.035248183854303956, 0.11500814787053484, 0.06876413447472914, 0.11563520335808665, 0.08738995407932308, 0.12154178905616993, 0.12395908908995247], [0.03866909126935764, 0.0461576015393433, 0.06591344747891298, 0.11322414660585893, 0.1379498489850026, 0.08958064043126085, 0.10618414009591771, 0.05892803156431935, 0.1285425878735665, 0.14687724105010344, 0.06797322310635676], [0.10215205692214575, 0.05173838444194597, 0.11008467435857763, 0.10313359997958478, 0.05893210458378904, 0.09564423178909877, 0.0823273545548174, 0.10548306890696597, 0.11335558552318169, 0.04216402219407994, 0.13498491674581292]], [[0.12539411513612675, 0.08384230398299024, 0.04629044116120953, 0.130417590585235, 0.1544146309853285, 0.06872633294027043, 0.07871774070081745, 0.06197471227003177, 0.10908653138513352, 0.05850277343111277, 0.08263282742174392], [0.11495587990194929, 0.09968225983460824, 0.0803077246645244, 0.08407734895935348, 0.09990483105159553, 0.037844373100407766, 0.04594940115875251, 0.13551212522337328, 0.04587901386383979, 0.11604821647722084, 0.13983882576437465], [0.06618734142814997, 0.07712414583268856, 0.09886782763238397, 0.13314265667999606, 0.13973891886256987, 0.11756652492429435, 0.046017879792676526, 0.10985119384724243, 0.08148672099205376, 0.08810497121978993, 0.041911818788154566], [0.05856645988081325, 0.12551545580307558, 0.08792775200980177, 0.07091869553261217, 0.08011661650653155, 0.13265047418795756, 0.12087895014291802, 0.06764112950152042, 0.050350968839221744, 0.06537203087658508, 0.14006146671896294]], [[0.10051720059162204, 0.09523178411113678, 0.10214371404022521, 0.0768348088558006, 0.12529357731343435, 0.0941118328206527, 0.04944781896945588, 0.05080104082761948, 0.0956030084350066, 0.13951694912305546, 0.07049826491199104], [0.14446969802006396, 0.13180529171514768, 0.06979776746953065, 0.04439923104564199, 0.05226680716182755, 0.1275294009137789, 0.0640156496997882, 0.08462558944444115, 0.10029050644656778, 0.12716599524475236, 0.05363406283845973], [0.07872918648210642, 0.08710623286554582, 0.09304036941251291, 0.12257937237751398, 0.05375038643090684, 0.12145870883556363, 0.10922380107365569, 0.09464153560904165, 0.10993152771930736, 0.07933068041198654, 0.050208198781859066], [0.10082730125416983, 0.08658844625547019, 0.0981640236893191, 0.06774967668360043, 0.12515883148389348, 0.092915775837986, 0.042258094992001456, 0.07903286520540631, 0.10996956967855616, 0.11378211130931434, 0.08355330361028272]], [[0.12241699288840284, 0.05990878061787325, 0.07415628871608117, 0.1228007009923993, 0.12256742684636679, 0.1015800824015652, 0.11885168096783988, 0.04207623496999551, 0.11945120850718809, 0.06518706450421424, 0.05100353858807369], [0.06877055370254076, 0.09021679355550447, 0.07019016703876887, 0.07852083011130857, 0.056235175272697564, 0.07559196518277617, 0.10874707178101352, 0.09308494327350669, 0.08166107953725556, 0.12966131156019556, 0.14732010898443226], [0.1323673895269714, 0.08078773247312925, 0.13086815676829644, 0.058928863385236424, 0.05629854617413951, 0.08244230091744034, 0.13854948364916608, 0.07038744142917551, 0.04815527528531003, 0.05646751383559298, 0.14474729655554208], [0.11012693928208268, 0.06678951400244444, 0.10118946109562856, 0.09803337780934641, 0.11259256218534348, 0.0645105360009645, 0.13638793148698314, 0.07318537525819328, 0.11699889357342667, 0.03979327517817921, 0.08039213412740767]]], [[[0.07254577065167195, 0.09285461819348802, 0.04300259284388194, 0.11897442200516896, 0.05836274630658177, 0.10699786349697879, 0.12035966766844398, 0.09480237884287367, 0.11375906261976769, 0.10539057259060476, 0.07295030478053854], [0.11217379196505953, 0.061678808832462594, 0.08883479689073917, 0.1059413552464609, 0.06995338288830466, 0.062470987883258604, 0.07784843328398071, 0.11306798267691034, 0.12406331879913578, 0.08626863815964127, 0.09769850337404642], [0.14125549698120354, 0.04933293465459972, 0.06458603532487658, 0.11905253135610842, 0.13217101705343606, 0.13597305613305782, 0.08549307906697472, 0.048281240607499394, 0.08808312561618992, 0.06443251391383413, 0.07133896929221982], [0.12134890596346366, 0.04487583631859936, 0.12742004091239534, 0.08352635369716693, 0.10200909048387796, 0.046426188650098, 0.07361407820870756, 0.04643153253936963, 0.1421235416195557, 0.12518979907095495, 0.08703463253581094]], [[0.06709281876754485, 0.15260716704733052, 0.08166870077074614, 0.05954935444891545, 0.10799907342015104, 0.15385027569309803, 0.040617346904597014, 0.06884228712456726, 0.15320860658058733, 0.06076626377500178, 0.05379810546746047], [0.09150562918714761, 0.1210436639346989, 0.0820790523539449, 0.13448515873519554, 0.10254322403285139, 0.04126098451524435, 0.13430973473588403, 0.07506912293159591, 0.06286611426793058, 0.09025911162470486, 0.06457820368080189], [0.0538965686299365, 0.042979750696677275, 0.10051796953598587, 0.15024050948427706, 0.11627539920638226, 0.17108369387502625, 0.07962434998326402, 0.0788037406589499, 0.06330645660355766, 0.06386034362327209, 0.07941121770267108], [0.11266548861698465, 0.12396199103039696, 0.13089799323258372, 0.05658648256328725, 0.12151502074678462, 0.0661871291869634, 0.04463646442993923, 0.1203872767643732, 0.0969853462053798, 0.049827718214251984, 0.0763490890090552]], [[0.0656839906216791, 0.11326343418872893, 0.08327038038178186, 0.1399867452606636, 0.04107460675896332, 0.07285552142509698, 0.08628514941959903, 0.0885325129345458, 0.06871931303642972, 0.11246387725665406, 0.12786446871585766], [0.12265516003072506, 0.10977054442439604, 0.11415652114714307, 0.08522624951660283, 0.11177564668042489, 0.06140577183817436, 0.07056353423375977, 0.06269871824116488, 0.07720790715963391, 0.059677457337499726, 0.1248624893904754], [0.08226860177214088, 0.05492117720267517, 0.10951066599559449, 0.04970817719778529, 0.0565124488451791, 0.07037028229185283, 0.10155764661447517, 0.09759821511745202, 0.1442518998941967, 0.13658530367621358, 0.09671558139243477], [0.07768107162456939, 0.07567388899035578, 0.12895594787282535, 0.04488312729455098, 0.04031210893896526, 0.13146551138906554, 0.09438589058171881, 0.05406094174350254, 0.0662522003167114, 0.14741538651374828, 0.13891392473398678]], [[0.10602667734624018, 0.08289659740477738, 0.08676906901327507, 0.13300902912396434, 0.13204604501035286, 0.05576211517228257, 0.11632519361224544, 0.05392984266544855, 0.05558611176353241, 0.10260208760438214, 0.0750472312834991], [0.12393670624951458, 0.04138250449838451, 0.08278194417761969, 0.12266068376295072, 0.12124895526914314, 0.04799827573688422, 0.06858536724916156, 0.09332451566886721, 0.04827906324516205, 0.12751091258849137, 0.12229107155382099], [0.0638330048503955, 0.05798988915801152, 0.05342880130972383, 0.15857046682512752, 0.06723639104972373, 0.09564653833965343, 0.09980180927395575, 0.11896123238703908, 0.051684195440424095, 0.0714641824565599, 0.16138348890938564], [0.12309017193370218, 0.11048921455473157, 0.03496548365019941, 0.06545746408735172, 0.09528989817293297, 0.06032104969815318, 0.12320680342781029, 0.0958777926762731, 0.04017018804200401, 0.12314920017261625, 0.12798273358422535]], [[0.049915348699072055, 0.1051255149618554, 0.07731738708536538, 0.08818276043342507, 0.06229428876797758, 0.11067653642104058, 0.15681058071949358, 0.10156897049696088, 0.0505470734625131, 0.11576821344355187, 0.08179332550874446], [0.130989213371291, 0.08459154834899006, 0.057954581344046206, 0.05776359385844069, 0.12138898619741267, 0.06596730668306257, 0.1212203798568044, 0.05939170217633776, 0.07214622713084633, 0.08798494310631484, 0.1406015179264535], [0.1279683458825351, 0.05464476546332159, 0.06995437419306003, 0.0488311033214427, 0.08530635418370017, 0.08030901327340127, 0.12483543021044446, 0.12779374661927453, 0.07251850094581526, 0.0834605547226259, 0.124377811184379], [0.16582070478286845, 0.049015652480903685, 0.09503698319508726, 0.10983153660544465, 0.08189641667939658, 0.07751182924844999, 0.05397964999430926, 0.14206293411024115, 0.08666635446872527, 0.05609781259414504, 0.08208012584042879]], [[0.12118600259379445, 0.12647808642469183, 0.08714947187826465, 0.07999779136025514, 0.13996731493729467, 0.05699283701730587, 0.05857214161058311, 0.06673924843895065, 0.05402444363129297, 0.07607957809555863, 0.132813084012008], [0.10709427549541424, 0.08413280582447437, 0.14311250461997133, 0.0431001845704235, 0.06136673558622449, 0.1015109445084814, 0.10711739289353743, 0.04209472627221797, 0.08312722732453763, 0.11091056539145312, 0.11643263751326446], [0.11310539567052094, 0.0761309999661695, 0.04969712737100275, 0.08853617128183949, 0.05379934125923858, 0.14913755938305323, 0.09413145313206643, 0.07574632042047184, 0.12802712327520002, 0.09678338802839884, 0.07490512021203824], [0.12163486487147122, 0.127495636529338, 0.10687688583867228, 0.040388913545054826, 0.09554654603868856, 0.11646564494029756, 0.04989821593449508, 0.059686742945438895, 0.12912511037183008, 0.037538127560523236, 0.1153433114241902]], [[0.08423798289887073, 0.08141986573329771, 0.03553077660065182, 0.12031097093086417, 0.07234515191600217, 0.09122999524060192, 0.10548020365521359, 0.10812378821139304, 0.13456606104048496, 0.09024623413378914, 0.07650896963883064], [0.14486454025406872, 0.10979263881691703, 0.0710776747123993, 0.05175326500546676, 0.1323539695407004, 0.07828481590430991, 0.11185912069024925, 0.09051238453636418, 0.05990974119967982, 0.1052426917389662, 0.044349157600878375], [0.07504400540092752, 0.08843844082305226, 0.07732590298661722, 0.10874602869011721, 0.11671126079155818, 0.11101449736893279, 0.03740224041860819, 0.053012122965604785, 0.08743265267803127, 0.1274548600410818, 0.11741798783546871], [0.14098367122220934, 0.07631976842427685, 0.09145559933739471, 0.09640233840424409, 0.05883431639872751, 0.04369084204251901, 0.15349718542545102, 0.06882669824044106, 0.06873513464824738, 0.04996279351702436, 0.1512916523394647]], [[0.09772582905097878, 0.10706951079772488, 0.13324260316596012, 0.07266831822055544, 0.10219648852837447, 0.03982933113125473, 0.055666872815554956, 0.12464477632929377, 0.11774376212358807, 0.0732058782540398, 0.07600662958267501], [0.11129955144648075, 0.04282754424928398, 0.07376991499355101, 0.06953144303051062, 0.07495605842235656, 0.1462666957679786, 0.07870387364225799, 0.0673859869179573, 0.10753888916214913, 0.15393659922268355, 0.07378344314479053], [0.04081742222123232, 0.06835496386185667, 0.10712864013851925, 0.08760922868474985, 0.1139807598367499, 0.12813251649367038, 0.11158932114349947, 0.0928728287592884, 0.08192578734092089, 0.03700521987063719, 0.13058331164887577], [0.08091315475379289, 0.05480960420274844, 0.1128835610248325, 0.0697163868598895, 0.10374821386324906, 0.10385992288930958, 0.08793971304862923, 0.13200633125738145, 0.06753542990360512, 0.08826737432014894, 0.0983203078764133]]], [[[0.10999620760114809, 0.12327432678825584, 0.080337087457396, 0.10805681931506662, 0.05339445925081457, 0.1396780496902899, 0.07904085653767598, 0.11726671130651221, 0.03902154583058631, 0.059415950207851384, 0.0905179860144032], [0.11116071812557925, 0.07895737448252561, 0.1158965738626056, 0.07497016148563516, 0.07558048833618856, 0.04156924888619352, 0.10422490681666709, 0.05324131832331376, 0.11312045993056603, 0.11414911515550748, 0.11712963459521786], [0.10614362436495468, 0.12565011971504988, 0.13826230933757638, 0.05774327975770728, 0.11618227047605362, 0.04571622021504204, 0.10332522683759278, 0.060706382104275244, 0.06419825796540365, 0.08684608926420753, 0.09522621996213707], [0.10522092534287365, 0.044856048683501314, 0.09207739133999662, 0.056758285593806995, 0.09980895570840662, 0.10678654473427206, 0.09790960915005725, 0.11788510172860645, 0.07358738453459891, 0.12083446899101451, 0.0842752841928656]], [[0.09830574775018606, 0.11801668793799132, 0.042290597111372896, 0.11872520670015597, 0.11446729916647827, 0.07734184214183201, 0.05039970055414422, 0.05101792079521293, 0.1510998030725472, 0.1229682066525879, 0.055366988117491245], [0.07962665454655928, 0.10683133421687359, 0.13488170510085654, 0.04350193318236488, 0.06576928501106959, 0.1411333032768745, 0.039521459729713666, 0.06170357761039368, 0.14912707082703372, 0.10924519198757918, 0.06865848451068142], [0.04464353258081172, 0.040316646786311215, 0.06446636946461953, 0.13547466673696817, 0.08355481201362212, 0.11750320615999789, 0.13957845575237976, 0.08267680630066994, 0.0585037370956069, 0.0948409492187042, 0.13844081789030846], [0.12356632153888526, 0.04335307160191134, 0.11142355972485384, 0.09831703022361452, 0.1347627814086932, 0.049505993176680155, 0.09420490645524672, 0.13172165184544032, 0.08073594042195377, 0.08855271756295052, 0.043856026039770415]], [[0.06430129517120373, 0.06917670608045214, 0.13443901590972848, 0.0647769975662168, 0.08351618103122112, 0.1056450393329353, 0.05210722124341961, 0.08620543836738859, 0.11271525304305233, 0.1262086411909611, 0.10090821106342086], [0.1038817230454494, 0.04763209513740881, 0.13255973314485167, 0.048284017972271484, 0.11482752460415764, 0.061988858788108864, 0.1312971190548518, 0.10915733644669333, 0.11266579218063143, 0.05724684580487954, 0.08045895382069598], [0.09530869392614544, 0.1105557781728695, 0.04381848196687756, 0.1298341973690071, 0.12260501472192496, 0.060491348091887054, 0.11584520952883316, 0.08533947020227525, 0.07967619606610013, 0.064908893404268, 0.09161671654981171], [0.1155136106468245, 0.08086067067551525, 0.10457634490929471, 0.11219166531008354, 0.11347464066223917, 0.04186078695500449, 0.1296220842855907, 0.08600178802891471, 0.06472508730762898, 0.062481400766805806, 0.08869192045209812]], [[0.13019637998110692, 0.07593914634168966, 0.11556665388426847, 0.04589891322417269, 0.08636509291635948, 0.14138477735996782, 0.11777671153665577, 0.05803219055329351, 0.08907374765287608, 0.06049665375015378, 0.07926973279945587], [0.11135257163529608, 0.11046656457182392, 0.05614883507246296, 0.12556788439614336, 0.0925991626087299, 0.07133270394930347, 0.08353502036157989, 0.09384959135759818, 0.08933107949350275, 0.08198181469174264, 0.08383477186181687], [0.05595383915319498, 0.12580167584603044, 0.096057491695266, 0.05097781986947223, 0.12068913187268639, 0.13894214996618948, 0.14057362665636713, 0.07709584158504115, 0.051464862859579255, 0.09349322946455757, 0.04895033103161544], [0.1550746742510385, 0.06325163450385106, 0.07171755164981147, 0.0905458108074036, 0.08767367145863977, 0.13802634179774959, 0.09662489958246542, 0.06168398194557142, 0.073484984323966, 0.10308530832323827, 0.05883114135626479]], [[0.08669223869722764, 0.08248065607144525, 0.09614562269510346, 0.11660360511710907, 0.11426884549622508, 0.11737155157616252, 0.053029564760032386, 0.042649283201779103, 0.05831015625318097, 0.11269374494196883, 0.11975473118976569], [0.14074979546747235, 0.05232141599288867, 0.15114714566070586, 0.08929980669319114, 0.04043657822224355, 0.09154627812788366, 0.044774622703459444, 0.1035227829013724, 0.07929178863909413, 0.09520955838280133, 0.11170022720888746], [0.12178431723249541, 0.10082400190647735, 0.07774098739520703, 0.11678247514339703, 0.12551048458004696, 0.04590140404973407, 0.08765730715320616, 0.06259189101311696, 0.03853652897632322, 0.10149719719739274, 0.12117340535260307], [0.053550338833684576, 0.1236410520206694, 0.12806355281698042, 0.1346402822444562, 0.06459873959175771, 0.13351934866219217, 0.07057471237938112, 0.09557549609626007, 0.04142143179084105, 0.040706358650479814, 0.11370868691329752]], [[0.1032825292556512, 0.07829389600738801, 0.06954611915109003, 0.13322220032054438, 0.044315238288125385, 0.15127278782744324, 0.05478513789339348, 0.06968901241149242, 0.09554861104611735, 0.10864425369504702, 0.09140021410370751], [0.07069068829879524, 0.14020958688322663, 0.10537076122250696, 0.0385600918818846, 0.0825217725106059, 0.13060028734746829, 0.06860945941985964, 0.046247265578908375, 0.11799531449080086, 0.10152672533519899, 0.09766804703074443], [0.04491206965837545, 0.0550019309127708, 0.11095780314204402, 0.062816922425186, 0.09720485597986374, 0.10194222180483584, 0.07160216130339923, 0.14878509851485516, 0.1364852579385803, 0.12254527486986817, 0.0477464034502213], [0.055712120906139424, 0.10472909882724109, 0.0626318175214761, 0.1662754136648925, 0.06235378956665439, 0.10405548877053077, 0.08841843825726457, 0.12331467518432833, 0.0586160343682143, 0.09681022906666073, 0.07708289386659782]], [[0.12694344160608717, 0.03887245853766809, 0.12964389188584688, 0.12125088797094004, 0.06558850589007895, 0.11670749312248838, 0.03789813378338688, 0.13516810070810853, 0.08939776311567466, 0.06618214715230145, 0.07234717622741907], [0.0452213945933803, 0.14963165922918786, 0.04215412545867806, 0.11179706421241985, 0.08779469049332733, 0.14505754597245146, 0.06553843895921965, 0.09790272423949112, 0.09227682948712344, 0.11722257704518058, 0.04540295030954024], [0.06059076894855407, 0.0629788573421533, 0.12316311546513269, 0.060056218871086614, 0.10423617614923847, 0.06305690591663714, 0.13735601551229257, 0.14661614621842667, 0.09791426967531874, 0.0788120258050571, 0.06521950009610249], [0.042894225066994224, 0.06738243749331263, 0.11057015611297025, 0.09706543553743117, 0.14301734260605778, 0.08168861945694388, 0.11500693496739048, 0.09210617268121225, 0.09470967617480366, 0.0673011798156457, 0.08825782008723805]], [[0.07995909368229619, 0.10341205228845401, 0.12668005341929353, 0.06589236945068476, 0.03734194497871858, 0.08249574367103132, 0.08728524551968735, 0.04989487681249702, 0.10876395751990112, 0.13108402843442873, 0.1271906342230075], [0.05641480908095052, 0.12855076375367538, 0.1103779497346567, 0.08372041356761557, 0.09294823306897687, 0.12581073640088675, 0.08651631029290857, 0.07514404270916353, 0.08791089416951231, 0.09704489596750329, 0.05556095125415046], [0.14717020016515367, 0.1201361435535486, 0.11525710082627622, 0.051610349703689565, 0.11178783211226309, 0.05416975681161048, 0.04913034235187291, 0.10262272677905154, 0.0877743937165883, 0.10995587710450772, 0.05038527687543794], [0.08250319133811526, 0.05484839234588118, 0.1425325579598046, 0.09655392386466367, 0.11018578048474943, 0.07110813103976367, 0.046207731207996545, 0.1413204333083183, 0.06688113457110326, 0.08172870801092562, 0.10613001586867836]]], [[[0.044050665967439284, 0.14070307192578907, 0.10703045666157683, 0.07524274562694036, 0.0485920102813225, 0.06100516785558588, 0.15113341759141827, 0.12541770275016711, 0.07175892329055797, 0.049083266021804024, 0.12598257202739876], [0.10336970584453521, 0.08420909274590903, 0.07954036798874727, 0.06278681523438354, 0.11446327420920549, 0.1488220454802, 0.058096297334694694, 0.1061896631416344, 0.08645346509009635, 0.0890217458485099, 0.0670475270820841], [0.1362980296340463, 0.0963099879587073, 0.10315157771537656, 0.07507412615482914, 0.06060832022900558, 0.049325560026724384, 0.12323662165972539, 0.06230557034277338, 0.1204077820492558, 0.08514710735309468, 0.0881353168764615], [0.10820589744485767, 0.09452440866862426, 0.058511743014670985, 0.08669368413408934, 0.134438814642102, 0.13471523022892812, 0.0835375524651764, 0.1069822947640802, 0.07102803016083103, 0.07331007907141907, 0.04805226540522089]], [[0.1547341004069202, 0.06843583159597356, 0.07055255874941195, 0.07710223613437983, 0.05795754226912571, 0.12234473766455464, 0.05138301308065475, 0.05881221712885199, 0.12303581873108381, 0.08465719620456293, 0.13098474803448076], [0.09307182477439883, 0.061579345395472745, 0.10283116013159835, 0.046977676905666496, 0.0908761163907662, 0.08050458951257299, 0.06281775729562705, 0.097938813083206, 0.12587093149816048, 0.13920033714659735, 0.0983314478659334], [0.08267581228698606, 0.06256819903252309, 0.0661404321280078, 0.09104927376698646, 0.07848307485911975, 0.13970661851405894, 0.07859708595893385, 0.07917389537862224, 0.08030417738773656, 0.13105924259751434, 0.11024218808951095], [0.10186066329937483, 0.07175665186114032, 0.12376310938788083, 0.03995908764199603, 0.12944933966687752, 0.09095767885264877, 0.07864845992037933, 0.08928247858141615, 0.10758491624439398, 0.037207143005885755, 0.12953047153800643]], [[0.08297073838179742, 0.0719331502844136, 0.05015845509684552, 0.08219703927282501, 0.08824455157008394, 0.07838726396360504, 0.10763846089311403, 0.08022200474471533, 0.1377133404022557, 0.09919510733625982, 0.12133988805408462], [0.0529123099643261, 0.0873277087193221, 0.08010320496938222, 0.1079088022987305, 0.14276593361650874, 0.049204929602722484, 0.04851605843660489, 0.1414755671500414, 0.06528242388586689, 0.11977412545634679, 0.10472893590014802], [0.1124711750655305, 0.044210339444096185, 0.0446630352004449, 0.08584642023300873, 0.12341569844238719, 0.07216921097033026, 0.06367710441728318, 0.09065598659225306, 0.12187940073272444, 0.11286023783932052, 0.128151391062621], [0.04429124574381571, 0.05552759197056209, 0.11732961560853747, 0.1436016467819854, 0.07698069206847044, 0.07125195029259301, 0.13942011773662855, 0.04849923623281573, 0.08745152738094493, 0.10442952800134175, 0.11121684818230487]], [[0.12757001322940603, 0.08266974546492087, 0.11364344770092694, 0.11036287471799022, 0.10582691344551348, 0.11698288671962624, 0.07120992461665251, 0.050211456444038086, 0.05437064703230766, 0.06702143835708353, 0.10013065227153449], [0.12832632105728925, 0.11311342661352937, 0.12270663905374248, 0.07481397189608936, 0.08068248077372571, 0.07948295226816841, 0.057419657072799724, 0.04313527049561203, 0.10104612815631901, 0.14459144328734783, 0.0546817093253769], [0.038617130470386965, 0.11308842254162565, 0.059540638798775414, 0.11818077509374926, 0.1054065196530368, 0.12997162047654404, 0.07542790520858972, 0.10114188533899392, 0.0811112160872075, 0.09795295962557121, 0.07956092670551958], [0.05092359181602658, 0.08207148701686973, 0.08408971476652226, 0.11160389182312974, 0.10427868984140191, 0.09728071406055781, 0.04358258409881927, 0.10282459711620216, 0.08133077700396077, 0.11974983188347649, 0.12226412057303339]], [[0.04945020330392485, 0.14688744697022724, 0.04722785223330779, 0.08916579711534121, 0.11145783321452542, 0.06128090906900676, 0.13742639788591476, 0.04349287299401504, 0.06389009545422585, 0.1163580304939573, 0.1333625612655538], [0.13360094965483002, 0.11103303115282612, 0.10742922384698037, 0.07777586738702892, 0.03576487449409033, 0.04847054649638376, 0.09276226444330168, 0.1077873469377767, 0.08024562236075877, 0.11372459161693335, 0.09140568160908996], [0.045278860351211446, 0.0583722067205163, 0.1303702414903896, 0.11758295958800168, 0.1364551073302342, 0.05009897994372584, 0.1470618404177316, 0.06030448140100361, 0.03834593233896066, 0.14786188577593495, 0.06826750464229012], [0.11563490299685754, 0.05889593633759841, 0.10549692295831269, 0.14288966651167617, 0.07546699521966203, 0.1158929428360592, 0.06019175437572651, 0.11064344610151493, 0.07734573924001152, 0.06288294699892398, 0.0746587464236569]], [[0.05258786232211193, 0.12683009403099138, 0.075006670767614, 0.05940945438073168, 0.08026581785506126, 0.06713650492171076, 0.11065899519076035, 0.13394591023061644, 0.07920064127717469, 0.1226324336151934, 0.09232561540803413], [0.04867749329968713, 0.10160367891150228, 0.08402189197785603, 0.09763300561134945, 0.121356189149729, 0.07677835754539077, 0.1224963236741494, 0.10756186628589975, 0.08155813806775432, 0.09293121398363395, 0.06538184149304789], [0.16722244648737766, 0.12706584951776595, 0.047893937506727186, 0.0838004120185893, 0.12147411262406063, 0.04947945046735554, 0.04535910009261776, 0.09946990867899481, 0.08457095496861142, 0.09798100050425786, 0.07568282713364186], [0.06222290164979402, 0.1277408463912935, 0.10593105258738485, 0.0666500773365316, 0.08157144972469214, 0.11558045897374017, 0.0506680697015752, 0.060065970128077184, 0.05079503335926206, 0.1431293125173887, 0.1356448276302607]], [[0.11440835435580632, 0.11051408880106717, 0.10557198468628837, 0.08531569211247031, 0.10271797678546639, 0.03913417073596147, 0.10052658671225922, 0.11699467468769588, 0.08777584552751337, 0.07273630086858685, 0.06430432472688465], [0.09036474429498123, 0.09499336481489618, 0.11148693892517182, 0.06254922656124738, 0.1021188872356707, 0.08282494243116233, 0.11258568946914906, 0.07971966691232495, 0.07877705266552183, 0.08435438108507508, 0.10022510560479954], [0.14042128480837734, 0.04401841870278065, 0.04184087375611842, 0.13748524196191528, 0.09338265594539504, 0.10258098890528082, 0.08824925692477523, 0.0461922148