{"0": [[], [0.11102175392452443, 0.08372582211253271, 0.05637218849125499, 0.1334594551184561, 0.1075858787015164, 0.13241932895536068, 0.07803116921554418, 0.08295612975999526, 0.12634670717919072, 0.08808156654162454]], "1": [[], [0.36347406724764414, 0.20451068572602218, 0.27246605086536146, 0.15954919616097224]], "2": [[0, 1], [[[0.13061165187680726, 0.08095560171762704, 0.09023638820670972, 0.3174070615763659, 0.13942067459338336, 0.2413686220291068], [0.2092687548578843, 0.15778494396106765, 0.08683191932931959, 0.1894592405402353, 0.16663648281650453, 0.19001865849498856], [0.2051376708858378, 0.24338456437967806, 0.16865382962938935, 0.12552370749533084, 0.18258307691376136, 0.07471715069600274], [0.23891584650287817, 0.08788326733859649, 0.12835096324443124, 0.2230651469311394, 0.1806617944369128, 0.14112298154604186]], [[0.14933059524588607, 0.21987326927274317, 0.1246328544444275, 0.22266865954688597, 0.07801245795290597, 0.2054821635371512], [0.24262200536682585, 0.10584213725937243, 0.15690450244318271, 0.10248949085510352, 0.21366396762049417, 0.17847789645502138], [0.24418691073649043, 0.1335614413639517, 0.13740802863430954, 0.09449038293765563, 0.16521881970941713, 0.2251344166181756], [0.18151859073009527, 0.15241397367788115, 0.11713459521421078, 0.19602236305266488, 0.1603858514117752, 0.1925246259133728]], [[0.21579777162909966, 0.14844975391833853, 0.09679452826142576, 0.2655528231823106, 0.11395873984277337, 0.159446383166052], [0.17812491697238841, 0.18469721277342865, 0.19213789503802672, 0.1027821128639626, 0.14670252232851747, 0.1955553400236763], [0.2113446151440483, 0.17206672264511705, 0.2036872910436431, 0.1776750402077141, 0.1500242261938128, 0.08520210476566449], [0.19064614502073485, 0.18239016342342204, 0.17840375281289048, 0.1569215234339417, 0.16433193871824991, 0.12730647659076097]], [[0.20161729024966618, 0.1255344498554284, 0.26921235377612784, 0.12274919066676616, 0.09891142863198786, 0.1819752868200238], [0.1903041839582759, 0.14797099431453278, 0.11708090308925863, 0.17108719638423384, 0.13056212270055126, 0.24299459955314762], [0.2511195894269213, 0.16709039167629433, 0.1322033994565441, 0.21402828531484264, 0.07398683266107492, 0.1615715014643227], [0.13267468405668953, 0.24842086332752725, 0.0684192223389518, 0.17556671771826973, 0.21278394649416166, 0.16213456606440013]], [[0.08527942044188178, 0.2659368207112078, 0.173383802268976, 0.1929708701792502, 0.1160740333488161, 0.1663550530498682], [0.19639185625794714, 0.10514713625462603, 0.11319990184323701, 0.3015631659519427, 0.14762645653621218, 0.1360714831560348], [0.20605392577182133, 0.2709089402564589, 0.09716608652150494, 0.22372722339676568, 0.11124247162548519, 0.09090135242796403], [0.08912371789800543, 0.2695100606425377, 0.1041813487290999, 0.08737101274242588, 0.1780347473358084, 0.2717791126521226]], [[0.13785077192523917, 0.17471274119108038, 0.08636898909571983, 0.18104503236655384, 0.21078709829758865, 0.20923536712381813], [0.16696291644946903, 0.16272626984570723, 0.11033479489428756, 0.17558282018792234, 0.1085469580638333, 0.2758462405587805], [0.20343612340626158, 0.20403098725610547, 0.18759412166598077, 0.14622480079764036, 0.16188997092611326, 0.09682399594789862], [0.19571054063799273, 0.16016146185527066, 0.16551405433665903, 0.2214924549527053, 0.12489448384696003, 0.1322270043704123]], [[0.2272324657377554, 0.07036716281423379, 0.14793300018615163, 0.22509358598891271, 0.17046318511207878, 0.15891060016086775], [0.12624528797720952, 0.1464962612879791, 0.2566534586887695, 0.19325117899164615, 0.18362145141449632, 0.09373236163989924], [0.07397429178055258, 0.27463252074753164, 0.15040404718937458, 0.19830564714995857, 0.08745944884179993, 0.21522404429078273], [0.23491174157954023, 0.16868191319774756, 0.08525940460911162, 0.16980576969305378, 0.20406656431477474, 0.137274606605772]], [[0.22088762567460699, 0.1788002115191929, 0.22442190653231664, 0.17421600268697696, 0.08459573308171794, 0.1170785205051888], [0.10633594069478933, 0.24683097244754285, 0.21733699007586454, 0.20064491842818635, 0.12604239506932827, 0.10280878328428865], [0.24547322117068776, 0.18188687734681616, 0.12594206069074798, 0.21397680653099968, 0.08416828674450388, 0.14855274751624453], [0.1934991075620157, 0.11613746279775128, 0.31803534262788113, 0.13089053740553172, 0.1118892618198662, 0.12954828778695385]], [[0.258702209562748, 0.17807901804318896, 0.21091218239681972, 0.08315461295745609, 0.08630442945070947, 0.18284754758907784], [0.20432740062627391, 0.2165131877326582, 0.07463175101681185, 0.15488107484003033, 0.22148653187646666, 0.1281600539077591], [0.1855286260903239, 0.07450968154764387, 0.2024125023188938, 0.17306179002931638, 0.20336015289616688, 0.16112724711765522], [0.12961470748290493, 0.23654107356860093, 0.11327427643751727, 0.12380469807940386, 0.19238239041389205, 0.20438285401768103]], [[0.24654316562687997, 0.10506836235417649, 0.22088689676308765, 0.20927918912219007, 0.0775372712074289, 0.1406851149262369], [0.10429494104530364, 0.10797260478764739, 0.2228236272215229, 0.1652387805007151, 0.17791785120228698, 0.22175219524252396], [0.12662236627724155, 0.20229591998612625, 0.13683883042410352, 0.21435937946451247, 0.09159679704213126, 0.22828670680588498], [0.1162883493683754, 0.1389199909629748, 0.22948373996365778, 0.15314462321087866, 0.19831494356241602, 0.16384835293169733]]]], "3": [[0, 2], [[[0.30999523341777024, 0.16186001208184855, 0.11290608219815725, 0.18249310330151627, 0.2327455690007077], [0.15520978398801746, 0.2130325802781145, 0.22702125051270292, 0.12096132603268728, 0.2837750591884778], [0.2777145161045741, 0.11063093202740884, 0.21236462479285084, 0.22762956541831028, 0.17166036165685597], [0.25976327122866066, 0.18684739845160184, 0.21042873470797122, 0.08555216806888061, 0.2574084275428856], [0.24058366375311677, 0.08991186802429645, 0.16969295782292138, 0.31742358102100043, 0.182387929378665], [0.16138534705341812, 0.24021263898340678, 0.2029869367449756, 0.17686635490907265, 0.21854872230912686]], [[0.24870280552367732, 0.1640897938518917, 0.16787324509104243, 0.14938043393993347, 0.2699537215934551], [0.26701518979102024, 0.1079349156642556, 0.30997430246545105, 0.21088981468995235, 0.10418577738932075], [0.19442929767776881, 0.16524390059974767, 0.2666551263138693, 0.11830838998734741, 0.2553632854212668], [0.21977193396076894, 0.09568688643550675, 0.3219242900961497, 0.20865449986491147, 0.15396238964266312], [0.22171577995608238, 0.32900541877476436, 0.1762800696533908, 0.14528319510689722, 0.12771553650886522], [0.17485206813358412, 0.3084272587268301, 0.2229887338334524, 0.1553561165249659, 0.13837582278116753]], [[0.14005563077855912, 0.267732875267443, 0.142220870862672, 0.2778680152525771, 0.17212260783874875], [0.10478997095834001, 0.2503672639254819, 0.16228500004106136, 0.2132624700893979, 0.26929529498571886], [0.1278311266349353, 0.14333691101447418, 0.35124934125265445, 0.2050445963336268, 0.17253802476430935], [0.12004941981784281, 0.11440758256794073, 0.35684123619210023, 0.15067306005186176, 0.2580287013702545], [0.2666724508231726, 0.21626269315874602, 0.10233851043364468, 0.3170991511839757, 0.09762719440046103], [0.22974011183032103, 0.2573063686452364, 0.16071676046625288, 0.18226021863449288, 0.16997654042369678]], [[0.1509030757281506, 0.25495560030506076, 0.2563150014995419, 0.13975208951329066, 0.19807423295395604], [0.26276308545480753, 0.27009213551352435, 0.17561987059534456, 0.1639157552334759, 0.12760915320284766], [0.33050915999659974, 0.12178495722753539, 0.23356097359451336, 0.15752542285514023, 0.15661948632621114], [0.19498224445720877, 0.35180860644309514, 0.10254820316616296, 0.24082216058783468, 0.10983878534569831], [0.14578215410653134, 0.23095935703044113, 0.25214508381754475, 0.17694092336635134, 0.19417248167913134], [0.09767617703334329, 0.1479324831244968, 0.30208982179412003, 0.2970117204724536, 0.15528979757558634]], [[0.18406398739837504, 0.2530210552193884, 0.06911497608850747, 0.23288573066412535, 0.2609142506296037], [0.12373792969400585, 0.14417019121865213, 0.3770712725163629, 0.2537566939478904, 0.10126391262308859], [0.12322731783127716, 0.163327896787534, 0.21399069006076865, 0.22238387331805076, 0.2770702220023694], [0.17243149264459828, 0.24206262893814737, 0.2407026747594913, 0.20524169106861254, 0.13956151258915042], [0.27159425436530366, 0.24587270929376964, 0.17232037412487428, 0.1940581092139859, 0.11615455300206659], [0.17464802437559998, 0.2047508735541894, 0.16894933834285064, 0.2635525929559493, 0.18809917077141064]], [[0.18975170773845285, 0.2978356333838995, 0.13573074765784032, 0.19340016877207797, 0.1832817424477293], [0.1615948773815353, 0.23550784606247985, 0.1726543729498381, 0.2380917542525266, 0.19215114935362027], [0.17839997812064995, 0.3019929132532435, 0.15098773090603337, 0.14731443632730562, 0.22130494139276755], [0.16777652050828737, 0.09668761748294945, 0.27717845652039974, 0.238436895985769, 0.2199205095025945], [0.2722049204686334, 0.18935465047579728, 0.25053051948283017, 0.09897241486492735, 0.1889374947078118], [0.27935826015188214, 0.21311251805291087, 0.24448467749891364, 0.16403124781473066, 0.09901329648156283]], [[0.17212570065357946, 0.15832905805140182, 0.26113472370231744, 0.12559260925013538, 0.28281790834256587], [0.25409329769472094, 0.11430318985461145, 0.13406059778859963, 0.2417803944544489, 0.255762520207619], [0.19823509537293965, 0.16698744579691105, 0.21932892322561234, 0.26058900897798826, 0.1548595266265487], [0.3297950442592774, 0.11868316452730727, 0.11795475154125011, 0.22184147364114484, 0.21172556603102044], [0.1969082924023137, 0.25012377108712575, 0.1984558367983412, 0.15947397612565986, 0.1950381235865595], [0.2586838889894455, 0.1472029084136534, 0.15384666566098093, 0.17991446054532198, 0.2603520763905982]], [[0.14368201658802274, 0.2535627366293599, 0.2622352656837346, 0.23507995546066404, 0.10544002563821857], [0.2554683804354231, 0.1005045882877529, 0.23505286631503897, 0.2713266783232747, 0.13764748663851056], [0.28937132958095246, 0.08956989875612784, 0.2899108998310007, 0.19546542008848036, 0.13568245174343857], [0.1384717820775424, 0.3814151681584282, 0.12035541130761113, 0.15783401772733785, 0.20192362072908054], [0.27355588713737605, 0.25191574589932103, 0.13166946535510224, 0.17874137843229565, 0.1641175231759051], [0.15277931887510343, 0.20798270951317385, 0.28980578958712605, 0.15387166669562377, 0.19556051532897287]], [[0.14397182360878066, 0.26036953698423076, 0.2560379283036536, 0.22531957682310794, 0.1143011342802271], [0.11142819692170128, 0.1805184047097211, 0.1666070210370285, 0.23299444688762222, 0.308451930443927], [0.2519572116543546, 0.2491115461121805, 0.14652596792861583, 0.2157831852571289, 0.13662208904772016], [0.1240709806264849, 0.3256931055014403, 0.10799621792056845, 0.23367730555971206, 0.20856239039179422], [0.22635078240595483, 0.24241539648578875, 0.14052867612013678, 0.2524203041464414, 0.13828484084167839], [0.16429587081472083, 0.2234454772491585, 0.21626002239417527, 0.2783084146894301, 0.11769021485251531]], [[0.20908586233025436, 0.19803234877842812, 0.2621695475573152, 0.1028356073340116, 0.22787663399999056], [0.23135047061972555, 0.1560121978890947, 0.20727280402261755, 0.17117997185117995, 0.23418455561738216], [0.28251552592805695, 0.20862493452102004, 0.22305134741237825, 0.19693976754893383, 0.0888684245896108], [0.16713368857196848, 0.24362993489139925, 0.1899744568606014, 0.15205101230624446, 0.2472109073697866], [0.17392334508710755, 0.15677279675283937, 0.2113446572480578, 0.1236859597594148, 0.33427324115258056], [0.24351707946623063, 0.21105960043778893, 0.08912080204304816, 0.22489904612814932, 0.23140347192478294]]]], "4": [[1, 2], [[[0.19719777415995546, 0.08010768757929702, 0.1750160438505402, 0.20911816593229116, 0.1630966589666054, 0.17546366951131084], [0.1895429691112081, 0.2063842398655649, 0.08803481380895435, 0.2327809523426411, 0.09930409595425237, 0.1839529289173793], [0.13545109657412502, 0.19014597329342853, 0.1009950844796895, 0.221784007315126, 0.24415075810014322, 0.1074730802374877], [0.1034840832218399, 0.11322663318148155, 0.286220634051642, 0.203712110310808, 0.18930526171041284, 0.10405127752381563], [0.19050192639500654, 0.232840287469939, 0.2251236600354036, 0.18594694516107643, 0.07919648682241837, 0.0863906941161561], [0.09493577982692052, 0.14658402155904768, 0.11636033115227676, 0.14722136163844013, 0.17823707179497836, 0.3166614340283366]], [[0.17875911974721348, 0.22130282236610155, 0.19769664643443854, 0.08445113973884509, 0.20253995423906165, 0.11525031747433975], [0.17839368975358372, 0.12369902697297669, 0.24417209417199687, 0.10949812314891992, 0.1123560787691181, 0.23188098718340464], [0.05743192153651908, 0.16525094959232092, 0.1698453723727638, 0.18766195646462316, 0.20981163885269744, 0.20999816118107556], [0.08037619615977735, 0.2329303400082227, 0.19753639255972705, 0.19774452669655954, 0.09309434234718485, 0.19831820222852845], [0.2365697359674576, 0.22386509676811528, 0.13888082763127557, 0.06711201712440756, 0.12506631982874625, 0.20850600267999783], [0.20530680755973427, 0.15726409083265108, 0.07706399617300355, 0.15082634734365177, 0.15918482067230794, 0.25035393741865153]], [[0.1998095635683875, 0.1322576461792052, 0.17607079098670508, 0.08189663204590952, 0.2677816273736843, 0.14218373984610846], [0.15716798850583635, 0.13341778261440354, 0.19681729511481566, 0.19288818170103075, 0.2031742583175432, 0.11653449374637058], [0.14097686704483112, 0.09961422868819159, 0.21479759847884483, 0.08105179703518224, 0.20223621757779306, 0.2613232911751572], [0.22804160715468777, 0.14574268289523623, 0.14765505399164522, 0.07643251394578347, 0.18704677342574372, 0.21508136858690352], [0.11167419772471453, 0.14580426231860363, 0.22647763391075107, 0.233874001502443, 0.11138919590288578, 0.1707807086406019], [0.10875865803628215, 0.09001654561979651, 0.257395040339516, 0.23865321528467806, 0.226145440783692, 0.07903109993603516]], [[0.23453787358349976, 0.15370235205962082, 0.1346436282597728, 0.1753082444056133, 0.08462177508220267, 0.21718612660929063], [0.24186323073968188, 0.1373167704447988, 0.1377504655877749, 0.1366983722573788, 0.10309141205642311, 0.24327974891394255], [0.253722022267248, 0.07584143469334156, 0.08265237557403768, 0.19587804543110726, 0.24921420950741027, 0.14269191252685529], [0.14822006089762507, 0.20176829741997304, 0.13185568068065687, 0.07811810200912517, 0.23190984498335235, 0.20812801400926742], [0.19522878932952428, 0.2295993949839963, 0.21540647622528777, 0.11516418655879522, 0.14647442697560947, 0.09812672592678678], [0.08514788428972955, 0.18558086511833177, 0.21911210233313352, 0.23825468627136887, 0.17678489271159883, 0.09511956927583758]]]], "5": [[2, 4], [[[0.17578628844486976, 0.4589771660435973, 0.36523654551153295], [0.30667447330222014, 0.3592609341201231, 0.33406459257765675], [0.4426483115165104, 0.14765685037206927, 0.40969483811142027], [0.4263595940863854, 0.2230361320201752, 0.35060427389343934], [0.2808412373448059, 0.5600835573780496, 0.15907520527714458], [0.37141346884938475, 0.2033083206287721, 0.4252782105218431]], [[0.2672185998671488, 0.2984379500470781, 0.4343434500857732], [0.54966273601438, 0.24002565764119357, 0.2103116063444265], [0.34442723880976983, 0.2629620157109873, 0.3926107454792428], [0.23696196947920034, 0.48348513125785386, 0.2795528992629458], [0.20136361562230068, 0.41775480356433037, 0.380881580813369], [0.43313990557246573, 0.2558634365334999, 0.3109966578940343]], [[0.2754874442751216, 0.49124387992861135, 0.23326867579626717], [0.2837226984521335, 0.3107019497500264, 0.4055753517978401], [0.24068405001942791, 0.5131402506718665, 0.2461756993087056], [0.4628075554624114, 0.16447006484867796, 0.3727223796889106], [0.40745519822413157, 0.16493842288102306, 0.4276063788948454], [0.2556454318515373, 0.41589410890949036, 0.3284604592389724]], [[0.35398726103850353, 0.2908278044845493, 0.35518493447694716], [0.3178055773617414, 0.35571002794105416, 0.32648439469720436], [0.32046913969141244, 0.4783715796778723, 0.20115928063071511], [0.2352459043343104, 0.4955838669889041, 0.2691702286767856], [0.1969405623101077, 0.2285824854113139, 0.5744769522785784], [0.4078626455120398, 0.2427804042581979, 0.34935695022976226]], [[0.3005135117749429, 0.34878591707280177, 0.3507005711522554], [0.49749020122753035, 0.30997090895394425, 0.19253888981852543], [0.2705383590885567, 0.4198529818298996, 0.30960865908154356], [0.3901834414272311, 0.4434809436548073, 0.16633561491796164], [0.30636664814079967, 0.30114132652279696, 0.3924920253364035], [0.45232577213690345, 0.34981103459274654, 0.19786319327034993]], [[0.4213586705473697, 0.16392995759776835, 0.41471137185486207], [0.42533242920581055, 0.24495514147101266, 0.32971242932317685], [0.3504951289173286, 0.353994370302101, 0.29551050078057034], [0.30102934375117857, 0.3488568280744205, 0.35011382817440106], [0.18231882730259544, 0.43347538318548684, 0.38420578951191775], [0.3690974231107396, 0.2522593555628148, 0.3786432213264456]]]], "6": [[3], [[0.25369260298885243, 0.19685970590689628, 0.2147583358394394, 0.12027045416078713, 0.2144189011040249], [0.0985975141856597, 0.19330655484117662, 0.26189208128325925, 0.13077870614808293, 0.3154251435418215], [0.15517766407783548, 0.26909722875950487, 0.20163716674142082, 0.25374298945446006, 0.12034495096677884], [0.07481012495937385, 0.2654742706981799, 0.1287887536380817, 0.24627494534347064, 0.2846519053608938], [0.11621913781648346, 0.1276838264210159, 0.2125261213003509, 0.2770799037355598, 0.2664910107265899]]]}